11110000000000001110000000001111000000000000000000000000000000000
10001110000000000001110000000000111100000000000000000000000000000
01000001110000000001001100000000000011110000000000000000000000000
00001000001110001000001010000000000000001111000000000000000000000
00000100001001100100000101000000000000000000111100000000000000000
00100001000001010000100010100000000000000000000011110000000000000
00010010100100000000000001110000000000000000000000001111000000000
00000000010010110010010000010000000000000000000000000000111100000
1000000100000000000000000 0 000000000000        0000             
100000001000000000000000 000000000000000            0000         
100000000100000000000000   0000000000000                0000     
10000000001000000000000000  00000000    00000000                 
10000000000100000000000 000000000000    0000        0000         
10000000000010000000000 0  000000000    0000            0000     
1000000000000100000000 0000 00000000        00000000             
1000000000000010000000 0 0 000000000        0000        0000     
1000000000000001000000  0 0000000000            0000    0000     
0100100000000000000000000   0000000000000000                00000
010001000000000000000000 0  000000000000    0000            11111
010000100000000000000000 000000000000000            0000    00000
01000000001000000000  0000  0000    000000000000            00000
01000000000100000000  0000000000    00000000        0000    00000
01000000000010000000 0000  00000    00000000            000000000
010000000000010000000 00000 0000    0000    00000000        00000
01000000000000100000 000 0 00000    0000    0000        000000000
0100000000000001000000000 000000    0000        0000    000000000
00101000000000000000000 0 0 00000000    0000    0000             
0010010000000000000000 0000 00000000        00000000        00000
0010001000000000000000  000000000000            00000000         
001000001000000000000 0000000000    0000        00000000         
0010000001000000000000000 000000    0000        0000    0000     
0010000000100000000 0 00000 0000        000000000000             
0010000000010000000 0 0 00000000        0000    00000000         
0010000000001000000 000 0 000000        0000    0000    0000     
0010000000000010000 00 000000000            00000000    0000     
00011000000000000000000 000000000000    0000        0000         
0001010000000000000000 0 00000000000        0000    0000    00000
000100010000000000000 0000000000    0000        00000000         
00010000010000000000 000 0000000    0000            00000000     
0001000000100000000   0000000000        00000000    0000         
0001000000001000000  00 00000000        0000        00000000     
0001000000000100000 0  000000000            000000000000         
0001000000000010000  0 0 0000000            0000    00000000     
0001000000000001000 00  00000000                000000000000     
00001001000000000  000000 0     000000000000    0000             
00001000100000000  000000000    000000000000        0000         
00001000010000000 0000000  0    000000000000            0000     
000010000000010000 00000000     0000    000000000000             
00001000000000100000000000 0    0000    00000000        0000     
00001000000000010 00000 0 00    0000    0000    0000    0000     
0000010100000000 0 00000000     00000000    00000000        00000
0000010010000000 0 00000 000    00000000    0000    0000    00000
0000010001000000 0000000 0 0    00000000    0000        000000000
000001000001000000 000000000    0000    00000000    0000    00000
00000100000010000000000000 0    0000    00000000        000000000
0000010000000001 00000 00000    0000        00000000    000000000
0000001100000000   000000000    00000000        00000000         
0000001001000000  000000 000    00000000            00000000     
000000100010000000 000000000    0000    00000000    0000         
00000010000010000 00000 0000    0000    0000        00000000     
0000001000000100 0 000 00000    0000        000000000000         
0000001000000010 00000 0 000    0000        0000    00000000     
0000001000000001  0000  0000    0000            000000000000     
000000010010000000 00 00000         0000000000000000             
00000001000100000  00 000000        00000000    00000000         
00000001000010000 0000000 00        00000000    0000    0000     
0000000100000010 00000000000        0000    00000000    0000     
000000001010000000 0  000000        000000000000    0000         
00000000100010000 00 0000000        00000000        00000000     
0000000010000100 0 00 000000        0000    000000000000         
0000000010000010 000 000 000        0000    0000    00000000     
0000000010000001  0000000000        0000        000000000000     
00000000011000000000 00000 0        000000000000        0000     
00000000010100000 00 0000000        00000000        00000000     
0000000001000100 00000000000        0000    00000000    0000     
0000000000100001000 00000000            000000000000    0000     
000000000001010000  0 000000            0000000000000000         
0000000000010010000  0000000            00000000    00000000     
00000000000100010 0 000 0000            0000    000000000000     
0000000000001100000 00000000            000000000000    0000     
