11110000000000001111111000000000000000000000000000000000000000000
00001111000000001000000111111000000000000000000000000000000000000
00000000111100000100000100000111110000000000000000000000000000000
00000000000011110010000010000100001111000000000000000000000000000
10001000100010000000000000000000000000111111100000000000000000000
01000100010001000000000000000000000000100000011111100000000000000
00100010001000100000000000000000000000010000010000011111000000000
00010001000100010000000000000000000000001000001000010000111100000
10000100000000000000000000000         0000000000000              
10000010000000000000000000000         00000000     00000         
10000001000000000000000000000         0000000 0    0    0000     
100000000100000000000000     00000    0000000000000         00000
100000000010000000000000     00000    00000000     00000         
100000000001000000000000     00000    0000000 0    0    0000     
10000000000001000000000 0    0    00000000000000000              
10000000000000100000000 0    0    000000000000     00000         
10000000000000010000000 0    0    00000000000 0    0    0000     
01001000000000000000000000000         0000000000000         00000
01000010000000000000000000000         00     00000000000         
01000001000000000000000000000         0 0    0000000    0000     
010000001000000000000000     00000    0000000000000              
010000000010000000000000     00000    00     00000000000         
010000000001000000000000     00000    0 0    0000000    0000     
01000000000010000000000 0    0    00000000000000000              
01000000000000100000000 0    0    000000     00000000000         
01000000000000010000000 0    0    00000 0    0000000    0000     
00101000000000000000000000000         00000000     00000    00000
00100100000000000000000000000         00     00000000000         
00100001000000000000000000000          00    00    000000000     
001000001000000000000000     00000    00000000     00000         
001000000100000000000000     00000    00     00000000000    00000
001000000001000000000000     00000     00    00    000000000     
00100000000010000000000 0    0    000000000000     00000         
00100000000001000000000 0    0    000000     00000000000         
00100000000000010000000 0    0    0000 00    00    000000000     
00011000000000000000000000000         0000000 0    0    000000000
00010100000000000000000000000         0 0    0000000    0000     
00010010000000000000000000000          00    00    000000000     
000100001000000000000000     00000    0000000 0    0    0000     
000100000100000000000000     00000    0 0    0000000    000000000
000100000010000000000000     00000     00    00    000000000     
00010000000010000000000 0    0    00000000000 0    0    0000     
00010000000001000000000 0    0    00000 0    0000000    0000     
00010000000000100000000 0    0    0000 00    00    000000000     
000010000100000000     00000000000    0000000000000         11111
000010000010000000     00000000000    00000000     00000    00000
000010000001000000     00000000000    0000000 0    0    000000000
00001000000001000 0    0000000    00000000000000000         00000
00001000000000100 0    0000000    000000000000     00000    00000
00001000000000010 0    0000000    00000000000 0    0    000000000
000001001000000000     00000000000    0000000000000              
000001000010000000     00000000000    00     00000000000         
000001000001000000     00000000000    0 0    0000000    0000     
00000100000010000 0    0000000    00000000000000000              
00000100000000100 0    0000000    000000     00000000000         
00000100000000010 0    0000000    00000 0    0000000    0000     
000000101000000000     00000000000    00000000     00000         
000000100100000000     00000000000    00     00000000000    00000
000000100001000000     00000000000     00    00    000000000     
00000010000010000 0    0000000    000000000000     00000         
00000010000001000 0    0000000    000000     00000000000         
00000010000000010 0    0000000    0000 00    00    000000000     
000000011000000000     00000000000    0000000 0    0    0000     
000000010100000000     00000000000    0 0    0000000    000000000
000000010010000000     00000000000     00    00    000000000     
00000001000010000 0    0000000    00000000000 0    0    0000     
00000001000001000 0    0000000    00000 0    0000000    0000     
00000001000000100 0    0000000    0000 00    00    000000000     
0000000010000100 00    00    0000000000000000000000              
0000000010000010 00    00    00000000000000000     00000         
0000000010000001 00    00    0000000000000000 0    0    0000     
0000000001001000 00    00    0000000000000000000000         00000
0000000001000010 00    00    00000000000     00000000000    00000
0000000001000001 00    00    0000000000 0    0000000    000000000
0000000000101000 00    00    00000000000000000     00000         
0000000000100100 00    00    00000000000     00000000000         
0000000000100001 00    00    000000000 00    00    000000000     
0000000000011000 00    00    0000000000000000 0    0    0000     
0000000000010100 00    00    0000000000 0    0000000    0000     
0000000000010010 00    00    000000000 00    00    000000000     
