11110000000000001011111100000000000000000000000000000000000000000000000
00001111000000001000000011111100000000000000000000000000000000000000000
00000000111100001000000000000011111100000000000000000000000000000000000
00000000000011111000000000000000000011111100000000000000000000000000000
10001000100010000100000000000000000000000011111100000000000000000000000
01000100010001000100000000000000000000000000000011111100000000000000000
00100010001000100100000000000000000000000000000000000011111100000000000
00010001000100010100000000000000000000000000000000000000000011111100000
100001000000000000000000000000100000100000000000000000100000100000     
100000100000000000000000000000010000010000000000100000000000010000     
100000010000000000000000000000001000001000000000010000010000000000     
10000000010000000000000010000000000000010000000000000000100000100000000
100000000010000000000000010000000000000010000000001000000000000100     
100000000001000000000000001000000000000001000000000100000100000000     
100000000000010000000000000100000100000000000000000000000010000010     
100000000000001000000000000010000010000000000000000010000000000001     
100000000000000100000000000001000001000000000000000001000001000000     
010010000000000000000000000000            000000000000            00000
010000100000000000000000000000 0     0    100000000000000000 0         
010000010000000000000000000000  0     0   010000000000 0    000000     
010000001000000000000000      000000      000000000000                 
010000000010000000000000 0    000000    0 001000000000000000   0       
010000000001000000000000  0   000000     0000100000000   0  000000     
010000000000100000000000            000000000000000000                 
010000000000001000000000    0     0 000000000010000000000000     0     
010000000000000100000000     0     0000000000001000000     0000000     
001010000000000000000000000000            000000      000000      00000
0010010000000000000000000000000     0           0000000000000          
001000010000000000000000000000  0     0    0     0    000000000000     
001000001000000000000000      000000      000000      000000           
0010000001000000000000000     000000   0        000000000000  0   00000
001000000001000000000000  0   000000     0   0     0  000000000000     
001000000000100000000000            000000000000      000000           
001000000000010000000000   0     0  000000      000000000000    0      
001000000000000100000000     0     0000000     0     0000000000000     
000110000000000000000000000000            000000            00000000000
0001010000000000000000000000000     0           0000000     000000     
000100100000000000000000000000 0     0    0     0     000000000000     
000100001000000000000000      000000      000000            000000     
0001000001000000000000000     000000   0        000000  0   00000000000
000100000010000000000000 0    000000    0   0     0   000000000000     
000100000000100000000000            000000000000            000000     
000100000000010000000000   0     0  000000      000000    0 000000     
000100000000001000000000    0     0 000000    0     0 000000000000     
000010000100000000100000000000000000   0  000000000000  0     0   11111
000010000010000000010000000000000000    0 000000  0   000000   0  00000
000010000001000000001000000000000000     0000000   0     0  00000000000
000010000000010000000100000000   0  000000000000000000    0     0 00000
000010000000001000000010000000    0 000000000000    0 000000     000000
000010000000000100000001000000     0000000000000     0     000000000000
000001001000000000      0000000000000     0000000000000     0          
000001000010000000 0    0000000000000   0   0   0000000000000  0       
000001000001000000  0   0000000000000    0   0  0000000  0  000000     
000001000000100000      0000000     0000000000000000000     0          
000001000000001000    0 0000000   0 000000    0 0000000000000    0     
000001000000000100     00000000    0000000     00000000    0000000     
000000101000000000      000000000000 0    0000000     000000 0         
0000001001000000000     000000000000 0 0  0     000000000000 00   00000
000000100001000000  0   000000000000 0   00  0  0  0  000000000000     
000000100000100000      000000 0    0000000000000     000000 0         
000000100000010000   0  000000 0 0  0000000     000000000000 0  0      
000000100000000100     0000000 0   00000000    00    0000000000000     
000000011000000000      000000000000  0   000000 0     0    000000     
0000000101000000000     000000000000  00   0    000000 00   00000000000
000000010010000000 0    000000000000  0 0  00    00   000000000000     
000000010000100000      000000  0   000000000000 0     0    000000     
000000010000010000   0  000000  00  000000 0    000000 0  0 000000     
000000010000001000    0 000000  0 0 000000 0  0  0  0 000000000000     
000000001000010000   0     0  000000000000000000000000    0     0      
000000001000001000    0     0 000000000000000000    0 000000     0     
000000001000000100     0     0000000000000000000     0     0000000     
0000000001001000000     0     000000000000000000000000  0     0   00000
0000000001000010000   0 0   0 000000000000    0 000000000000  0  000000
0000000001000001000    00    0000000000000     0000000  0  000000000000
000000000010100000 0     0    000000000000000000  0   000000   0       
000000000010010000 0 0   0 0  000000000000  0   000000000000   00      
000000000010000100 0   0 0   0000000000000  0  0  0  0000000000000     
000000000001100000  0     0   000000000000000000   0     0  000000     
000000000001010000  00    00  000000000000   0  000000   00 000000     
000000000001001000  0 0   0 0 000000000000   00    00 000000000000     
