111100000000000011000000001111100000000000000000000000000000000000
100011100000000000111000000000011110000000000000000000000000000000
010000011100000000100110000000000001111000000000000000000000000000
000010000011100010000100000000000000000111110000000000000000000000
001000000010011000010011000000000000000000001111000000000000000000
000001010000010110000000100000000000000000000000111110000000000000
000000101001000101000001010000000000000000000000000001111000000000
000100000100101000001000110000000000000000000000000000000111100000
10000001000000000000000 0 0000000000000         00000        00000
100000001000000000000000 00000000000000           0  0000         
10000000010000000000000 000000000000000                  0000     
100000000010000000000000  000000000    000000000   0              
1000000000010000000000 0 0000000000    00000        00000         
1000000000001000000000  00000000000    00000             0000     
100000000000010000000 000 000000000      0  000000000             
100000000000001000000 0000000000000       0 0000         0000     
100000000000000100000  000000000000        0    000000000         
01001000000000000000000   000000000000000000    0                 
01000100000000000000000 0 000000000000010000    00000             
010000100000000000000000 0000000000000001000     0   0000    00000
01000000001000000000 000  00000    0000000000000   0              
0100000000010000000  000 000000    000000000        00000         
0100000000001000000 000 0000000    000000000             0000     
01000000000001000000 0000 00000    000000100000000000             
0100000000000010000000000000000    0000000100000         0000     
0100000000000001000  0000000000    000000001    000000000         
001010000000000000000000  000000000    0000000000                 
001001000000000000000 000 000000000    0    000000000             
001000100000000000000 00 0000000000     0   0000 0   0000    00000
00100001000000000000 0000 00000    0000     000000000        00000
00100000100000000000 000 000000    0000     0000  0  0000         
0010000001000000000000000000000    0000     0000         0000     
001000000001000000 0 000 000000        000000000    00000         
001000000000100000 000000000000        000000000         0000     
001000000000000100 0  000000000            00000000000000         
0001100000000000000000  00000000000    00000    10000    0000     
000101000000000000000   00000000000    0        00000    0000     
000100100000000000000  000000000000     0       010000000000000000
0001000100000000000 000 0000000    0000         00000    000000000
0001000010000000000 00000000000    0000         0010000000000     
000100000010000000 000000000000        00000000000010    0000     
000100000001000000  00 00000000        00000    0000100000000     
000100000000010000 00 000000000          0  000000000    0000     
000100000000000100  0  00000000            0    0000000000000     
00001001000000000 00000 0 0    0000000000000    00000        00000
000010001000000000000000 00    0000000000000    0 0  0000         
00001000010000000 00000 0000   0000000000000    0        0000     
00001000000001000 0000000 0    0000    00000000000000             
00001000000000100 000000000   00000    0000000000        0000     
0000100000000001000000 000100000000    00000    000000000         
00000100100000000000000000     000000000        000000000         
00000100010000000 00000 00 0   000000000        00000    0000     
00000100001000000 0000000   0  0000    00000000000000             
0000010000010000000000 000     0000    00000    000000000         
00000100000010000 0000  00   0 0000    00000    00000    0000     
00000100000000100 000 0000    00000    0  0 000000000    0000     
00000011000000000000000000     00000000 0       000000000    11111
0000001001000000 000000000 0   00000000 0        0   0000000000000
000000100010000000000000 0  0  0000    000000000 0 0 0000    00000
0000001000001000000000 000   0 0000    00000     0   0000000000000
000000100000010000000 0000     0000     00  0000000000000    00000
0000001000000010 0000 0000    00000     0 0 0000 0   0000000000000
00000001001000000 00 0000   0      000000000000000000        00000
0000000100010000000  00000         000000000    000000000    00000
00000001000010000 0 000 00   0     000000000    00000    000000000
00000001000000100 00000000    0    0000   0 000000000    000000000
00000000101000000000 000 0  0      0000000000000  00 0000         
0000000010001000000 000000   0     000000000      0  00000000     
00000000100001000000 00000         0000  0  0000000000000         
0000000010000010 000000000    0    0000   0 0000  0  00000000     
00000000011000000 00000000 00      0000000000000   0     0000     
0000000001010000000 000000 0       000000000        000000000     
00000000010001000 00000000 0       0000  0  000000000    0000     
0000000001000001000 00000001000    0000    0    0000000000000     
000000000010000100 0 0000000100        000000000000000000         
000000000001010000 0 00000             000000000000000000         
000000000001001000 0000000    0        000000000    000000000     
00000000000011000  0000000   0         00000000000000    0000     
000000000000100100  00 00000010        00000    0000000000000     
000000000000001100 00 000000001           0000000000000000000     
