111110000000000000000000000000000000000000000000000000000000000000000000000111111000000000000000000000000000000
100001111000000000000000000000000000000000000000000000000000000000000000000000000111111000000000000000000000000
010001000111000000000000000000000000000000000000000000000000000000000000000000000000000111111000000000000000000
001000100100110000000000000000000000000000000000000000000000000000000000000000000000000000000111111000000000000
000100010010101000000000000000000000000000000000000000000000000000000000000000000000000000000000000111111000000
000010001001011000000000000000000000000000000000000000000000000000000000000000000000000000000000000000000111111
100000000100001000000000000000000000001111110000000010000100000000000000000000000000000000000000000000000000000
100000000010010000000111111000000000000000000000000000100000010000000000000000000000000000000000000000000000000
100000000001100000000000000111111000000000000000100000000000000000100000000000000000000000000000000000000000000
010000100000001111111000100000000000000000000000000000000000000000100000000000000000000000000000000000000000000
010000010000010000000000000000010001000000000000000000000101100010000100001000000000000000000000000000000000000
010000001000100000000000010000000000010000010110000000000010000100000001000000000000000000000000000000000000000
001001000000001000000001000000000010000000000000111000001000000110000000000000000000000000000000000000000000000
001000010001000000100000001000000000000100000001000100000000000000000001110000000000000000000000000000000000000
001000001010000010000000000000001000000001000000000001000000001000011000001000000000000000000000000000000000000
000101000000010001000000000100000000000000001100000111010000000000000000000000000000000000000000000000000000000
000100100001000000000100000000000111111000000000000000000000000000001000000000000000000000000000000000000000000
000100001100000000001000000000100000000000000000000000101000000001000110100000000000000000000000000000000000000
000011000000100100000010000000000000100010000001000000000000100000010010000000000000000000000000000000000000000
000010100010000000000000000010000000000000101000010000000011000001000000010000000000000000000000000000000000000
000010010100000000010000000001000100000000000010001000010000011000000000000000000000000000000000000000000000000
100000000000000100000000000000000   0 000000   00   0 0  0   0    0        000000000000100000100000100000100000
100000000000000010000000000000000     000000    0   000  0   0    0       0000000000000010000010000010000010000
100000000000000001000000000000000     0000000   0  0000  0   0    0        000000000000001000001000001000001000
100000000000000000100000000000000     000000   00   0 0  0   0    0    0   000000000000000100000100000100000100
100000000000000000010000000000000     000000    0   0 0  0   0    0        000000000000000010000010000010000010
100000000000000000001000000000000     000000    0   0 0  0   0    0        000000000000000001000001000001000001
000000000100000    00100000  00  0  00000000  0   0 0 0000   00  0   00 0  100000100000000000000000            
000000000100000    00010000  00  0  0 000000  00  0 0 0000   00  0   00 0  010000010000000000000000            
000000000100000    00001000  00  0    000000  0   0 0 0000   00  0   00 0  001000001000000000000000            
000000000100000    00000100  00  0    000000  0   0 0 0000   00  00  00 0  000100000100000000000000            
000000000100000    00000010  00  0    000000  0   0 0 0000   00  0   0000  000010000010000000000000            
000000000100000    00000001  00  0    000000  0   0 0 0000   00  0   0000  000001000001000000000000            
000000000000001000000  00  100000 0   0000000   000 00  00     00 0                                000000000000
000000000000001000000  00  010000 0   0000000   000 0   00 0   00 0                                000000000000
000000000000001000000  00  001000 0   000000    000 0   00   0 00 0                                000000000000
000000000000001000000  00  000100 0   000000    000 0   00     00 0                                000000000000
000000000000001000000  00  000010 0   000000    000 0   00     00 0       0                        000000000000
000000000000001000000  00  000001 0   000000    000 0   00     00 0       0                        000000000000
000000000010000 0  0 000000 00  0100000  00 0 0  00  000  00 00  0 00    00            000000      000000      
000000000010000 0    000000 0   0010000  00 0   000  00 0 00 00 00 00    00            000000      000000      
000000000010000 0    000000 0  00001000  00 0    0   00  000 00  0 00    00            000000      000000      
000000000010000 0    000000 0   0000100 000 0  0 0   00   00 00  0 00    00            000000      000000      
000000000010000 0    000000 0   000001   00 0    0   00   00 00  0 00  0 00            000000      000000      
000000000010000 0    000000 0   0000001  00 0    0   00   00 00  0 00    00            000000      000000      
000000000000010  0   0000000   0   0 01     00     00000 0 000  0    0    0                  000000      000000
000000000000010  0   0000000   0   0  01000000 0   00000 0 000  0    0 0  0                  000000      000000
000000000000010  0   0000000   0   0  00100000 0   00000 0 000  0    0    0                  000000      000000
000000000000010  0   0000000   00  0  00010000     00000 0 000  0    0    0                  000000      000000
000000000000010  0   0000000   0   0  00001000     00000 0 000  0    0    0                  000000      000000
000000000000010  0   0000000   0   0 000000100     00000 0 000  0    0 0  0                  000000      000000
