1111000000000000110000001111100000000000000000000000000000000000000
1000111000000000001100000000011111000000000000000000000000000000000
0100000111000000001010000000000000111110000000000000000000000000000
0000100000111000100010000000000000000001111100000000000000000000000
0010000000100110001001000000000000000000000011111000000000000000000
0000010100000101100000100000000000000000000000000111110000000000000
0000001010010001010001010000000000000000000000000000001111000000000
0001000001001010000100110000000000000000000000000000000000111100000
100000010000000000000 0 000000000000000     0    00000        11111
1000000010000000000000 0000000000000000     10000  0  0000    00000
100000000100000000000 00000000000000000     0             000000000
1000000000100000000000  0000000000100000000000000   0         00000
1000000000010000000000 000000000000    000000        00000    00000
100000000000100000000 0000000000000    000000   0         000000000
10000000000001000000 00 00000000000      0  0000000000        00000
10000000000000100000 00000000000000       0 00000         000000000
10000000000000010000 00000000000000   0    00    000000000    00000
010010000000000000000   00000000000000000000  0  0                 
010001000000000000000 0 00000000000000010000   0 00000             
0100001000000000000000 000000000000000001000      0   0000         
0100000000100000000 00  000000    000000000000000   0              
0100000000010000000 00 0000000  0 0000000000         00000         
010000000000100000000 00000000    0000000000    0         0000     
0100000000000100000 000 000000    00000001000000000000             
0100000000000010000000000000010000000000001000000         0000     
0100000000000001000 0000000000   00000000001     000000000         
0010100000000000000000  0000000000     00000000000                 
00100100000000000000 00 0000000000  0  0    0000000000             
00100010000000000000 0 00000000000   0  0   00000 0   0000         
0010000100000000000 000 00000 0   00000     0000000000        00000
0010000010000000000 00 000000  0  00000     00000  0  0000         
00100000010000000000000000000     00000     00000         0000     
0010000000010000000 00 000000   0      0000000000    00000         
00100000000010000000000000000          0000000000         0000     
0010000000000001000  00000000    0    0    000000000000000         
000110000000000000000 000000000000 0   00000 00  10000    0000     
00010100000000000000  000000000000 00  0     0 0 00000    0000     
00010010000000000000 0000000000000 0 0  0    0   0100000000000     
000100010000000000000 0000000 0   00000      0   00000    000000000
00010000100000000000000000000  0  00000     010000010000000000     
00010000001000000000000000000     01000000000000000010    0000     
000100000001000000 0000000000   0  0   00000 0   0000100000000     
00010000000001000000 00000000      0     0  0000000000    0000     
000100000000000100 0 00000000    0 0  0    0 0   0000000000000     
00001001000000000 000 0 0    000000000000000  0  00000        00000
0000100010000000000000 00    000000000000000001000 0  0000         
00001000010000000 000 0000   000000000000000  0  0        0000     
00001000000001000 00000 0    00000     000000000000000             
00001000000000100 0000000   000000     00000000000        0000     
0000100000000001000000001000000000    000000  0  000000000         
000001001000000000000000     00000000000    00010000000000         
00000100010000000 000 00 0   00000000000       0 00000    0000     
00000100001000000 00000   0  0000000100000000000000000             
000001000001000000000000     00000  0  00000   0 000000000         
00000100000010000 000 00   0 00000  0  00000   0000000    0000     
00000100000000100 00 000    000000  0  0  0 0000000000    0000     
000000110000000000000000     0000000000 0        000000000    00000
0000001001000000 0000000 0   0000000000 0         0   00000000     
0000001000100000000000 0  0  00000000100000000000 0 0 0000         
000000100000100000000000   0 00000   0 00000    0 0   00000000     
00000010000001000000 000     00000   0  00  00000000000000         
0000001000000010 000 000    000000   0  0 0 00000 0   00000000     
00000001001000000 0 000   0   0   00000000000000000000        00000
0000000100010000000 0000      0 0 0000000000     000000000    00000
00000001000010000 000 00   0  0   0000000000    000000    000000000
00000001000000100 000000    00100000000   0 0000000000    000000000
0000000010100000000 00 0  0    0  000000000000000  00 0000         
000000001000100000000000   0   0  000000000000001  0  00000000     
0000000010000100000 0000       0  00000  0  00000000000000         
0000000010000010 0000000    00010000000   0 00000  0  00000000     
00000000011000000 000000 00       000000000000000   0     0000     
000000000101000000000000 0      0 0000000000         000000000     
00000000010001000 000000 0        00000  0  0000000000    0000     
00000000010000010000000001000    000000    0     0000000000000     
0000000000100001000 000000100    0000010000000000000000000         
0000000000010100000 0000        0      0000000000000000000         
000000000001001000000000    000010     0000000000    000000000     
00000000000011000 000000   0           000000000000000    0000     
000000000000100100 0000000010    0    000000    00000000000000     
00000000000000110000 0000000100001    0   00000000000000000000     
