110000000000111111111000000000000000000000000000000000000000000000000000000000000000000000000000000000000000000
101000000000000000000111111111000000000000000000000000000000000000000000000000000000000000000000000000000000000
100100000000000000000000000000111111111000000000000000000000000000000000000000000000000000000000000000000000000
100010000000000000000000000000000000000111111111000000000000000000000000000000000000000000000000000000000000000
100001000000000000000000000000000000000000000000111111111000000000000000000000000000000000000000000000000000000
100000100000000000000000000000000000000000000000000000000111111111000000000000000000000000000000000000000000000
100000010000000000000000000000000000000000000000000000000000000000111111111000000000000000000000000000000000000
100000001000000000000000000000000000000000000000000000000000000000000000000111111111000000000000000000000000000
100000000100000000000000000000000000000000000000000000000000000000000000000000000000111111111000000000000000000
100000000010000000000000000000000000000000000000000000000000000000000000000000000000000000000111111111000000000
100000000001000000000000000000000000000000000000000000000000000000000000000000000000000000000000000000111111111
011000000000000000000000000000100000000100000000100000000100000000100000000100000000100000000100000000100000000
010100000000000000000100000000000000000010000000010000000010000000010000000010000000010000000010000000010000000
010010000000000000000010000000010000000000000000001000000001000000001000000001000000001000000001000000001000000
010001000000000000000001000000001000000001000000000000000000100000000100000000100000000100000000100000000100000
010000100000000000000000100000000100000000100000000100000000000000000010000000010000000010000000010000000010000
010000010000000000000000010000000010000000010000000010000000010000000000000000001000000001000000001000000001000
010000001000000000000000001000000001000000001000000001000000001000000001000000000000000000100000000100000000100
010000000100000000000000000100000000100000000100000000100000000100000000100000000100000000000000000010000000010
010000000010000000000000000010000000010000000010000000010000000010000000010000000010000000010000000000000000001
010000000001000000000000000001000000001000000001000000001000000001000000001000000001000000001000000001000000000
00110000000010000000000000000000000000000       00       00       00       00       00       00       00       
00101000000001000000000000000000       0000000000 0      0 0      0 0      0 0      0 0      0 0      0 0      
0010010000000010000000000000000 0      0 0      0000000000  0     0  0     0  0     0  0     0  0     0  0     
0010001000000001000000000000000  0     0  0     0  0     0000000000   0    0   0    0   0    0   0    0   0    
0010000100000000100000000000000   0    0   0    0   0    0   0    0000000000    0   0    0   0    0   0    0   
0010000010000000010000000000000    0   0    0   0    0   0    0   0    0   0000000000     0  0     0  0     0  
0010000001000000001000000000000     0  0     0  0     0  0     0  0     0  0     0  0000000000      0 0      0 
0010000000100000000100000000000      0 0      0 0      0 0      0 0      0 0      0 0      0 0000000000       0
0010000000010000000010000000000       00       00       00       00       00       00       00       0000000000
00011000000000       00       000000000000000000 00       00       00       00       00       00       00      
0001010000000 0      0 0      000000000 00      000000000 0 0      0 0      0 0      0 0      0 0      0 0     
0001001000000  0     0  0     000000000 0 0      0 0     000000000 0  0     0  0     0  0     0  0     0  0    
0001000100000   0    0   0    000000000 0  0     0  0     0  0    000000000 0   0    0   0    0   0    0   0   
0001000010000    0   0    0   000000000 0   0    0   0    0   0    0   0   000000000 0    0   0    0   0    0  
0001000001000     0  0     0  000000000 0    0   0    0   0    0   0    0   0    0  000000000 0     0  0     0 
0001000000100      0 0      0 000000000 0     0  0     0  0     0  0     0  0     0  0     0 000000000 0      0
0001000000010       00       0000000000 0      0 0      0 0      0 0      0 0      0 0      0 0      0000000000
000011000000 00       00       00      000000000000000000  00       00       00       00       00       00     
000010100000 0 0      0 0      0 0     000000000  00     000000000  0 0      0 0      0 0      0 0      0 0    
000010010000 0  0     0  0     0  0    000000000  0 0      0 0    000000000  0  0     0  0     0  0     0  0   
000010001000 0   0    0   0    0   0   000000000  0  0     0  0     0  0   000000000  0   0    0   0    0   0  
000010000100 0    0   0    0   0    0  000000000  0   0    0   0    0   0    0   0  000000000  0    0   0    0 
000010000010 0     0  0     0  0     0 000000000  0    0   0    0   0    0   0    0   0    0 000000000  0     0
000010000001 0      0 0      0 0      0000000000  0     0  0     0  0     0  0     0  0     0  0     0000000000
000001100000  00       00       00       00     000000000000000000   00       00       00       00       00    
000001010000  0 0      0 0      0 0      0 0    000000000   00    000000000   0 0      0 0      0 0      0 0   
000001001000  0  0     0  0     0  0     0  0   000000000   0 0      0 0   000000000   0  0     0  0     0  0  
000001000100  0   0    0   0    0   0    0   0  000000000   0  0     0  0     0  0  000000000   0   0    0   0 
000001000010  0    0   0    0   0    0   0    0 000000000   0   0    0   0    0   0    0   0 000000000   0    0
000001000001  0     0  0     0  0     0  0     0000000000   0    0   0    0   0    0   0    0   0    0000000000
000000110000   00       00       00       00       00    000000000000000000    00       00       00       00   
000000101000   0 0      0 0      0 0      0 0      0 0   000000000    00   000000000    0 0      0 0      0 0  
000000100100   0  0     0  0     0  0     0  0     0  0  000000000    0 0      0 0  000000000    0  0     0  0 
000000100010   0   0    0   0    0   0    0   0    0   0 000000000    0  0     0  0     0  0 000000000    0   0
000000100001   0    0   0    0   0    0   0    0   0    0000000000    0   0    0   0    0   0    0   0000000000
000000011000    00       00       00       00       00       00   000000000000000000     00       00       00  
000000010100    0 0      0 0      0 0      0 0      0 0      0 0  000000000     00  000000000     0 0      0 0 
000000010010    0  0     0  0     0  0     0  0     0  0     0  0 000000000     0 0      0 0 000000000     0  0
000000010001    0   0    0   0    0   0    0   0    0   0    0   0000000000     0  0     0  0     0  0000000000
000000001100     00       00       00       00       00       00       00  000000000000000000      00       00 
000000001010     0 0      0 0      0 0      0 0      0 0      0 0      0 0 000000000      00 000000000      0 0
000000001001     0  0     0  0     0  0     0  0     0  0     0  0     0  0000000000      0 0      0 0000000000
000000000110      00       00       00       00       00       00       00       00 000000000000000000       00
000000000101      0 0      0 0      0 0      0 0      0 0      0 0      0 0      0 0000000000       00000000000
000000000011       00       00       00       00       00       00       00       00       00000000000000000000
