a 4240 5683 6682 7237 3357 3469 3578 3686 3798 3915 4021 4136 4359 4468 4580 4687 4799 4908 5024 5133 5242 5354 5469 5573 5795 5907 6021 6133 6246 6356 6462 6574 6799 6908 7016 7131 0
a 4240 5683 6682 7237 3354 3466 3579 3691 3804 3908 4022 4136 4355 4470 4579 4691 4800 4909 5024 5133 5240 5354 5469 5578 5796 5913 6022 6128 6245 6352 6461 6573 6796 6908 7017 7131 0
a 4240 5683 6682 7237 3360 3468 3576 3691 3799 3908 4022 4136 4358 4467 4577 4686 4801 4909 5023 5131 5240 5357 5469 5576 5802 5909 6021 6128 6245 6357 6461 6573 6795 6910 7018 7131 0
a 4240 5683 6682 7237 3358 3471 3578 3687 3797 3912 4021 4136 4353 4465 4580 4692 4800 4910 5024 5133 5242 5354 5462 5578 5802 5906 6022 6132 6244 6356 6468 6572 6797 6906 7017 7129 0
a 4240 5683 6682 7237 3357 3469 3582 3686 3800 3909 4021 4136 4353 4470 4580 4687 4799 4912 5024 5133 5242 5358 5462 5576 5795 5909 6022 6132 6244 6356 6462 6574 6801 6906 7020 7127 0
a 4240 5683 6682 7237 3357 3469 3582 3687 3800 3908 4021 4136 4355 4468 4580 4687 4803 4908 5024 5129 5242 5358 5465 5577 5796 5910 6022 6128 6246 6356 6465 6574 6794 6910 7017 7130 0
a 4240 5683 6682 7237 3355 3471 3576 3691 3803 3911 4019 4134 4356 4470 4577 4691 4797 4912 5023 5135 5240 5355 5464 5576 5802 5906 6020 6134 6240 6352 6465 6572 6799 6907 7023 7128 0
a 4240 5683 6682 7237 3357 3469 3575 3687 3800 3915 4021 4136 4353 4470 4580 4687 4799 4912 5024 5133 5242 5351 5469 5576 5802 5909 6022 6132 6244 6356 6461 6574 6795 6905 7020 7128 0
a 4240 5683 6682 7237 3358 3468 3575 3687 3799 3915 4022 4136 4353 4470 4580 4688 4798 4911 5024 5129 5243 5353 5469 5578 5802 5910 6022 6131 6244 6356 6465 6574 6794 6906 7017 7127 0
a 4240 5683 6682 7237 3355 3471 3576 3691 3803 3911 4019 4134 4356 4470 4579 4691 4797 4910 5021 5135 5240 5355 5464 5578 5802 5906 6022 6134 6240 6352 6465 6572 6797 6907 7023 7128 0
a 4240 5683 6682 7237 3356 3464 3576 3691 3804 3912 4021 4136 4357 4470 4575 4691 4800 4909 5024 5133 5242 5354 5469 5578 5795 5913 6020 6132 6245 6352 6461 6573 6799 6908 7017 7127 0
a 4240 5683 6682 7237 3354 3468 3582 3691 3797 3910 4022 4136 4357 4469 4581 4688 4800 4909 5021 5129 5242 5357 5469 5578 5801 5910 6017 6129 6240 6357 6463 6576 6799 6908 7017 7127 0
a 4240 5683 6682 7237 3354 3466 3582 3691 3797 3912 4022 4136 4357 4469 4581 4687 4800 4910 5022 5129 5246 5354 5469 5578 5798 5912 6017 6129 6240 6357 6463 6576 6799 6907 7017 7127 0
a 4240 5683 6682 7237 3355 3471 3578 3691 3803 3909 4023 4130 4356 4470 4579 4691 4797 4910 5024 5133 5240 5354 5464 5578 5802 5906 6022 6129 6240 6352 6461 6578 6797 6907 7023 7131 0
a 4240 5683 6682 7237 3357 3469 3576 3686 3804 3911 4021 4136 4355 4470 4580 4687 4797 4912 5024 5133 5242 5358 5465 5573 5800 5906 6024 6132 6240 6356 6466 6574 6794 6908 7020 7128 0
a 4240 5683 6682 7237 3358 3468 3575 3687 3803 3910 4026 4133 4353 4470 4576 4689 4799 4913 5024 5129 5247 5354 5464 5578 5798 5913 6022 6132 6244 6356 6465 6574 6794 6906 7017 7127 0
a 4240 5683 6682 7237 3355 3471 3575 3691 3798 3912 4022 4136 4353 4470 4579 4691 4800 4910 5024 5133 5242 5354 5462 5578 5798 5913 6022 6132 6245 6350 6463 6573 6801 6905 7017 7129 0
a 4240 5683 6682 7237 3356 3464 3582 3691 3799 3909 4023 4136 4356 4469 4575 4692 4801 4909 5023 5131 5246 5354 5469 5577 5795 5912 6018 6131 6246 6354 6461 6573 6797 6910 7018 7127 0
a 4240 5683 6682 7237 3360 3467 3579 3687 3802 3908 4021 4136 4353 4468 4580 4687 4800 4910 5024 5133 5242 5358 5467 5573 5802 5909 6017 6133 6239 6356 6468 6574 6797 6906 7017 7131 0
a 4240 5683 6682 7237 3360 3467 3579 3691 3798 3908 4021 4136 4357 4464 4580 4687 4800 4910 5024 5133 5242 5358 5467 5573 5802 5909 6017 6129 6239 6356 6468 6574 6797 6910 7017 7131 0
a 4240 5683 6682 7237 3355 3471 3580 3687 3797 3912 4022 4136 4353 4468 4581 4691 4800 4910 5024 5133 5242 5354 5462 5578 5798 5906 6024 6132 6245 6357 6463 6572 6799 6906 7017 7129 0
a 4240 5683 6682 7237 3357 3471 3575 3691 3798 3910 4022 4136 4357 4464 4581 4691 4798 4910 5024 5133 5242 5354 5467 5573 5798 5913 6021 6129 6245 6350 6468 6574 6794 6910 7017 7131 0
a 4240 5683 6682 7237 3358 3468 3576 3686 3799 3915 4022 4136 4358 4464 4577 4687 4803 4911 5018 5136 5246 5354 5464 5578 5802 5910 6022 6131 6244 6356 6465 6574 6794 6906 7017 7127 0
a 4240 5683 6682 7237 3354 3471 3580 3686 3800 3910 4023 4136 4356 4468 4580 4692 4798 4910 5024 5133 5242 5354 5467 5573 5802 5906 6020 6129 6240 6356 6468 6574 6794 6910 7017 7131 0
a 4240 5683 6682 7237 3354 3467 3582 3691 3797 3912 4021 4136 4358 4465 4581 4688 4800 4912 5023 5133 5242 5357 5469 5573 5796 5906 6020 6132 6245 6357 6461 6573 6799 6908 7017 7129 0
a 4240 5683 6682 7237 3355 3471 3580 3686 3800 3909 4023 4136 4355 4470 4579 4691 4797 4911 5022 5135 5242 5351 5465 5578 5801 5913 6017 6129 6240 6354 6466 6574 6801 6905 7018 7130 0
a 4240 5683 6682 7237 3356 3466 3579 3691 3804 3908 4020 4136 4358 4470 4579 4686 4800 4909 5018 5133 5246 5354 5469 5578 5796 5913 6022 6131 6241 6356 6461 6573 6797 6905 7018 7131 0
a 4240 5683 6682 7237 3355 3469 3581 3686 3800 3915 4023 4131 4357 4470 4580 4688 4797 4911 5022 5135 5240 5353 5469 5576 5802 5907 6020 6128 6240 6354 6463 6577 6799 6907 7016 7133 0
a 4240 5683 6682 7237 3357 3471 3578 3691 3798 3910 4019 4136 4357 4464 4580 4692 4798 4910 5024 5133 5242 5354 5467 5573 5802 5906 6021 6129 6239 6356 6468 6574 6797 6910 7017 7131 0
a 4240 5683 6682 7237 3358 3471 3579 3687 3800 3908 4021 4136 4353 4470 4580 4687 4800 4910 5024 5133 5242 5354 5467 5573 5795 5913 6020 6133 6244 6356 6461 6574 6801 6906 7017 7131 0
a 4240 5683 6682 7237 3354 3464 3578 3691 3804 3912 4021 4136 4359 4465 4579 4691 4800 4910 5024 5133 5242 5354 5469 5578 5796 5906 6022 6132 6245 6357 6461 6573 6797 6905 7017 7129 0
a 4240 5683 6682 7237 3357 3469 3582 3687 3797 3911 4021 4136 4355 4470 4580 4687 4797 4912 5024 5133 5242 5358 5465 5573 5796 5906 6022 6132 6244 6356 6461 6574 6801 6908 7020 7128 0
a 4240 5683 6682 7237 3355 3467 3582 3687 3802 3912 4019 4136 4353 4468 4581 4691 4800 4910 5024 5133 5242 5351 5469 5578 5795 5909 6022 6132 6245 6357 6463 6572 6797 6906 7017 7129 0
a 4240 5683 6682 7237 3354 3467 3582 3691 3799 3908 4023 4136 4356 4469 4581 4688 4801 4909 5018 5131 5246 5355 5469 5578 5800 5912 6018 6131 6240 6357 6461 6576 6797 6905 7018 7128 0
a 4240 5683 6682 7237 3357 3470 3576 3686 3804 3910 4024 4133 4357 4464 4577 4692 4798 4913 5018 5136 5242 5355 5465 5578 5801 5909 6024 6132 6244 6356 6465 6574 6794 6906 7017 7127 0
a 4240 5683 6682 7237 3357 3469 3582 3686 3798 3911 4021 4136 4357 4464 4580 4687 4803 4910 5024 5133 5242 5358 5465 5573 5798 5906 6018 6132 6246 6356 6466 6574 6794 6910 7020 7128 0
a 4240 5683 6682 7237 3354 3466 3575 3691 3804 3912 4022 4136 4359 4469 4579 4687 4800 4910 5022 5129 5243 5357 5469 5578 5801 5909 6022 6129 6240 6357 6463 6576 6794 6907 7017 7127 0
a 4240 5683 6682 7237 3357 3469 3576 3693 3800 3908 4021 4136 4359 4468 4580 4687 4797 4910 5024 5133 5242 5358 5465 5573 5795 5909 6022 6132 6240 6356 6461 6574 6801 6910 7020 7128 0
a 4240 5683 6682 7237 3357 3464 3580 3687 3804 3910 4022 4136 4359 4468 4575 4691 4798 4910 5024 5133 5242 5354 5469 5578 5798 5906 6021 6129 6245 6357 6461 6574 6799 6905 7017 7131 0
a 4240 5683 6682 7237 3358 3470 3575 3687 3804 3911 4021 4134 4353 4470 4576 4689 4799 4913 5022 5129 5243 5353 5469 5578 5801 5913 6022 6131 6244 6356 6465 6574 6794 6906 7017 7127 0
a 4240 5683 6682 7237 3357 3469 3576 3686 3804 3911 4021 4136 4359 4468 4580 4687 4799 4908 5024 5133 5242 5358 5462 5576 5798 5906 6021 6133 6240 6356 6468 6574 6799 6905 7017 7131 0
a 4240 5683 6682 7237 3355 3467 3575 3690 3804 3909 4024 4136 4356 4470 4575 4691 4799 4912 5024 5134 5240 5358 5466 5575 5800 5909 6024 6129 6245 6352 6462 6572 6796 6908 7016 7131 0
a 4240 5683 6682 7237 3357 3469 3582 3687 3800 3908 4021 4136 4357 4470 4580 4687 4799 4908 5024 5133 5242 5358 5462 5576 5796 5909 6021 6128 6239 6356 6466 6574 6801 6910 7017 7131 0
a 4240 5683 6682 7237 3357 3469 3578 3687 3797 3915 4021 4136 4353 4470 4580 4687 4799 4912 5024 5133 5242 5354 5469 5573 5802 5906 6022 6132 6244 6356 6461 6574 6795 6908 7020 7128 0
a 4240 5683 6682 7237 3357 3469 3582 3687 3800 3908 4021 4136 4357 4470 4580 4687 4797 4910 5024 5133 5242 5358 5465 5573 5796 5909 6017 6132 6239 6356 6466 6574 6801 6910 7020 7128 0
a 4240 5683 6682 7237 3356 3464 3582 3691 3799 3912 4020 4136 4358 4464 4579 4692 4800 4909 5022 5131 5246 5354 5469 5578 5795 5907 6022 6131 6246 6356 6461 6576 6797 6906 7018 7127 0
a 4240 5683 6682 7237 3356 3468 3582 3691 3799 3908 4020 4136 4353 4469 4581 4689 4801 4909 5018 5131 5245 5357 5469 5576 5801 5909 6021 6133 6240 6357 6461 6576 6797 6905 7018 7128 0
a 4240 5683 6682 7237 3355 3464 3576 3691 3804 3911 4023 4136 4355 4469 4579 4692 4797 4911 5025 5133 5242 5357 5467 5576 5801 5910 6017 6133 6240 6350 6468 6574 6797 6905 7018 7128 0
a 4240 5683 6682 7237 3357 3469 3578 3686 3798 3915 4021 4136 4359 4464 4580 4687 4799 4912 5024 5133 5242 5354 5469 5573 5800 5906 6021 6129 6246 6356 6466 6574 6794 6908 7017 7131 0
a 4240 5683 6682 7237 3357 3469 3582 3687 3797 3911 4021 4136 4353 4468 4580 4687 4803 4910 5024 5133 5242 5358 5465 5573 5798 5906 6022 6132 6246 6356 6461 6574 6795 6910 7020 7128 0
a 4240 5683 6682 7237 3357 3471 3575 3687 3802 3910 4022 4136 4353 4468 4581 4691 4798 4910 5024 5133 5242 5354 5467 5573 5798 5913 6021 6133 6245 6350 6468 6574 6794 6906 7017 7131 0
a 4240 5683 6682 7237 3357 3469 3575 3693 3798 3911 4021 4136 4359 4468 4580 4687 4799 4908 5024 5133 5242 5358 5462 5576 5798 5907 6022 6132 6239 6356 6462 6574 6801 6910 7020 7127 0
a 4240 5683 6682 7237 3357 3470 3576 3686 3804 3910 4024 4133 4357 4464 4576 4688 4803 4913 5018 5136 5243 5355 5464 5578 5801 5913 6020 6132 6244 6356 6465 6574 6794 6906 7017 7127 0
a 4240 5683 6682 7237 3354 3467 3579 3691 3804 3908 4021 4136 4359 4469 4579 4688 4800 4909 5018 5133 5246 5353 5469 5578 5796 5912 6022 6131 6241 6357 6461 6573 6797 6905 7017 7131 0
a 4240 5683 6682 7237 3357 3464 3578 3687 3804 3910 4024 4136 4359 4468 4575 4691 4798 4910 5024 5133 5242 5354 5469 5578 5800 5906 6021 6129 6245 6357 6461 6574 6797 6905 7017 7131 0
a 4240 5683 6682 7237 3355 3469 3581 3690 3804 3911 4019 4131 4357 4470 4577 4691 4797 4911 5025 5135 5242 5355 5465 5573 5795 5907 6021 6131 6240 6350 6463 6577 6799 6911 7023 7129 0
a 4240 5683 6682 7237 3354 3466 3579 3691 3804 3908 4022 4136 4359 4469 4577 4687 4800 4912 5023 5133 5246 5354 5469 5573 5796 5912 6017 6131 6239 6357 6463 6573 6799 6907 7017 7131 0
a 4240 5683 6682 7237 3357 3469 3575 3687 3800 3915 4021 4136 4355 4470 4580 4687 4797 4912 5024 5129 5242 5355 5469 5576 5802 5907 6022 6132 6244 6356 6465 6574 6794 6906 7019 7127 0
a 4240 5683 6682 7237 3356 3466 3576 3691 3797 3915 4023 4136 4357 4470 4580 4689 4797 4909 5022 5135 5243 5351 5469 5578 5802 5912 6020 6128 6241 6351 6461 6576 6799 6906 7018 7130 0
a 4240 5683 6682 7237 3355 3468 3581 3686 3800 3915 4024 4131 4353 4470 4579 4691 4799 4911 5023 5135 5240 5354 5469 5575 5802 5910 6017 6131 6240 6352 6465 6577 6796 6911 7017 7127 0
a 4240 5683 6682 7237 3355 3467 3580 3687 3797 3912 4026 4136 4353 4470 4579 4691 4800 4910 5024 5133 5242 5358 5467 5573 5802 5909 6017 6132 6245 6350 6463 6577 6797 6906 7017 7129 0
a 4240 5683 6682 7237 3355 3471 3578 3686 3798 3912 4024 4136 4353 4468 4581 4691 4800 4910 5024 5133 5242 5354 5462 5578 5800 5906 6024 6132 6245 6357 6463 6573 6797 6905 7017 7129 0
a 4240 5683 6682 7237 3360 3467 3579 3691 3798 3910 4019 4136 4358 4464 4576 4688 4800 4912 5023 5133 5240 5357 5469 5575 5802 5906 6020 6129 6245 6357 6463 6572 6799 6908 7017 7131 0
a 4240 5683 6682 7237 3357 3469 3575 3687 3804 3911 4021 4136 4357 4470 4580 4687 4799 4908 5024 5133 5242 5358 5462 5576 5798 5907 6024 6132 6239 6356 6466 6574 6795 6910 7020 7127 0
a 4240 5683 6682 7237 3356 3468 3582 3691 3797 3909 4021 4136 4357 4464 4581 4691 4800 4909 5018 5135 5243 5353 5469 5578 5801 5910 6018 6131 6241 6357 6461 6576 6799 6906 7019 7127 0
a 4240 5683 6682 7237 3357 3469 3576 3686 3803 3910 4026 4133 4358 4464 4581 4688 4798 4912 5018 5136 5242 5355 5465 5579 5798 5913 6022 6132 6244 6356 6465 6574 6794 6906 7017 7127 0
a 4240 5683 6682 7237 3358 3468 3575 3687 3803 3910 4026 4133 4353 4470 4576 4689 4799 4913 5024 5129 5243 5358 5464 5578 5802 5909 6022 6132 6244 6356 6465 6574 6794 6906 7017 7127 0
a 4240 5683 6682 7237 3360 3469 3579 3687 3800 3908 4021 4136 4353 4468 4580 4687 4800 4910 5024 5133 5242 5358 5465 5573 5802 5909 6017 6133 6239 6356 6468 6574 6799 6906 7017 7131 0
a 4240 5683 6682 7237 3358 3468 3576 3686 3800 3910 4026 4136 4358 4464 4576 4692 4799 4911 5018 5136 5246 5354 5464 5578 5802 5910 6022 6131 6244 6356 6465 6574 6794 6906 7017 7127 0
a 4240 5683 6682 7237 3358 3468 3575 3687 3799 3911 4026 4136 4353 4470 4580 4687 4799 4911 5024 5129 5243 5358 5464 5578 5802 5910 6022 6131 6244 6356 6465 6574 6794 6906 7017 7127 0
a 4240 5683 6682 7237 3355 3469 3575 3687 3804 3912 4022 4136 4353 4470 4579 4691 4800 4910 5024 5133 5242 5354 5469 5573 5798 5913 6022 6132 6245 6350 6463 6577 6794 6906 7017 7129 0
a 4240 5683 6682 7237 3359 3469 3576 3686 3804 3911 4021 4134 4356 4464 4577 4687 4803 4912 5018 5136 5242 5355 5465 5579 5801 5913 6022 6131 6244 6356 6465 6574 6794 6906 7017 7127 0
a 4240 5683 6682 7237 3355 3464 3580 3693 3798 3912 4022 4136 4353 4468 4581 4691 4800 4910 5024 5133 5242 5354 5469 5578 5798 5913 6017 6132 6245 6350 6463 6573 6799 6905 7017 7129 0
a 4240 5683 6682 7237 3357 3469 3578 3687 3797 3915 4021 4136 4353 4470 4580 4687 4801 4910 5024 5133 5242 5354 5469 5573 5802 5906 6021 6133 6244 6356 6461 6574 6797 6906 7017 7131 0
a 4240 5683 6682 7237 3360 3469 3578 3687 3797 3910 4023 4136 4356 4468 4575 4691 4798 4910 5024 5133 5242 5354 5469 5573 5802 5906 6022 6129 6245 6357 6461 6574 6797 6910 7017 7131 0
a 4240 5683 6682 7237 3357 3471 3578 3687 3802 3910 4019 4136 4353 4468 4580 4692 4798 4910 5024 5133 5242 5354 5467 5573 5802 5906 6021 6133 6239 6356 6468 6574 6797 6906 7017 7131 0
a 4240 5683 6682 7237 3357 3469 3576 3686 3804 3911 4021 4136 4359 4464 4580 4687 4801 4910 5024 5133 5242 5358 5465 5573 5798 5906 6021 6133 6244 6356 6468 6574 6794 6906 7017 7131 0
a 4240 5683 6682 7237 3360 3468 3576 3691 3797 3910 4022 4136 4357 4464 4577 4691 4800 4909 5024 5129 5242 5354 5469 5578 5802 5910 6017 6131 6245 6357 6463 6576 6799 6906 7017 7127 0
a 4240 5683 6682 7237 3357 3469 3582 3687 3797 3911 4021 4136 4353 4468 4580 4687 4803 4910 5024 5133 5242 5358 5465 5573 5798 5906 6021 6133 6246 6356 6461 6574 6799 6906 7017 7131 0
a 4240 5683 6682 7237 3356 3466 3575 3691 3804 3912 4020 4136 4357 4470 4575 4691 4800 4909 5022 5135 5240 5354 5469 5578 5801 5913 6020 6129 6241 6351 6461 6576 6799 6908 7018 7127 0
a 4240 5683 6682 7237 3356 3466 3575 3693 3803 3909 4024 4134 4356 4469 4579 4687 4803 4908 5024 5134 5240 5358 5466 5576 5802 5909 6018 6133 6240 6354 6463 6572 6797 6907 7016 7133 0
a 4240 5683 6682 7237 3357 3469 3582 3687 3800 3908 4021 4136 4355 4470 4580 4687 4797 4912 5024 5133 5242 5358 5465 5573 5795 5907 6022 6132 6244 6356 6461 6574 6801 6906 7020 7130 0
a 4240 5683 6682 7237 3357 3471 3580 3687 3797 3910 4022 4136 4359 4468 4575 4691 4798 4910 5024 5133 5242 5354 5467 5573 5798 5906 6021 6129 6245 6357 6461 6574 6801 6910 7017 7131 0
a 4240 5683 6682 7237 3355 3464 3576 3691 3800 3915 4023 4136 4356 4470 4579 4691 4797 4910 5025 5135 5242 5354 5467 5577 5801 5906 6020 6133 6240 6354 6461 6574 6801 6905 7018 7128 0
a 4240 5683 6682 7237 3356 3468 3576 3691 3804 3908 4021 4136 4359 4464 4579 4691 4800 4909 5018 5135 5243 5353 5469 5578 5801 5910 6022 6131 6241 6357 6461 6576 6795 6905 7019 7128 0
a 4240 5683 6682 7237 3357 3470 3576 3686 3804 3911 4021 4135 4357 4464 4576 4692 4799 4913 5018 5136 5243 5353 5467 5577 5801 5910 6024 6131 6244 6356 6465 6574 6794 6906 7017 7127 0
a 4240 5683 6682 7237 3357 3470 3575 3687 3800 3910 4026 4135 4353 4470 4576 4688 4801 4913 5023 5129 5247 5355 5464 5576 5801 5913 6020 6132 6244 6356 6465 6574 6794 6906 7017 7127 0
a 4240 5683 6682 7237 3354 3464 3579 3691 3804 3910 4022 4136 4357 4470 4577 4691 4800 4909 5021 5135 5242 5355 5469 5578 5801 5913 6017 6129 6240 6350 6463 6576 6799 6905 7017 7130 0
a 4240 5683 6682 7237 3357 3469 3578 3687 3797 3915 4021 4136 4359 4468 4580 4687 4797 4910 5024 5133 5242 5354 5469 5573 5796 5906 6022 6132 6246 6356 6461 6574 6797 6910 7020 7128 0
a 4240 5683 6682 7237 3356 3466 3576 3691 3797 3915 4023 4136 4356 4470 4580 4686 4801 4909 5018 5135 5245 5354 5469 5577 5802 5912 6020 6133 6241 6354 6461 6573 6795 6908 7018 7127 0
a 4240 5683 6682 7237 3357 3469 3576 3686 3804 3911 4021 4136 4359 4468 4580 4687 4797 4910 5024 5133 5242 5358 5465 5573 5798 5906 6022 6132 6240 6356 6468 6574 6794 6910 7020 7128 0
a 4240 5683 6682 7237 3355 3471 3580 3692 3800 3909 4023 4130 4356 4470 4579 4691 4797 4910 5024 5131 5240 5355 5465 5578 5802 5909 6017 6129 6240 6350 6466 6576 6796 6911 7023 7129 0
a 4240 5683 6682 7237 3359 3468 3576 3686 3804 3911 4021 4135 4357 4464 4576 4692 4799 4911 5018 5136 5243 5353 5467 5579 5801 5910 6024 6131 6244 6356 6465 6574 6794 6906 7017 7127 0
a 4240 5683 6682 7237 3358 3468 3576 3686 3804 3910 4022 4136 4358 4464 4576 4689 4803 4910 5018 5136 5246 5354 5464 5578 5798 5913 6022 6132 6244 6356 6465 6574 6794 6906 7017 7127 0
a 4240 5683 6682 7237 3355 3469 3582 3686 3798 3912 4022 4136 4353 4468 4581 4691 4800 4910 5024 5133 5242 5354 5469 5573 5798 5906 6022 6132 6245 6357 6463 6573 6794 6910 7017 7129 0
a 4240 5683 6682 7237 3358 3471 3575 3687 3800 3912 4021 4136 4353 4465 4581 4691 4800 4910 5024 5133 5242 5354 5467 5573 5800 5913 6020 6132 6245 6350 6468 6577 6794 6906 7017 7129 0
a 4240 5683 6682 7237 3357 3469 3582 3687 3797 3911 4021 4136 4355 4470 4580 4687 4797 4912 5024 5129 5242 5358 5465 5577 5796 5910 6022 6128 6244 6356 6465 6574 6801 6908 7016 7128 0
a 4240 5683 6682 7237 3357 3469 3576 3686 3803 3910 4026 4133 4358 4464 4577 4692 4798 4912 5018 5136 5242 5355 5465 5579 5802 5909 6022 6132 6244 6356 6465 6574 6794 6906 7017 7127 0
a 4240 5683 6682 7237 3354 3466 3575 3691 3804 3912 4022 4136 4359 4469 4579 4688 4800 4909 5021 5133 5240 5357 5469 5578 5801 5907 6022 6132 6241 6357 6461 6573 6795 6908 7018 7127 0
a 4240 5683 6682 7237 3360 3468 3576 3691 3797 3910 4022 4136 4357 4469 4575 4688 4800 4909 5021 5129 5242 5357 5469 5578 5801 5913 6017 6132 6246 6354 6463 6573 6799 6908 7017 7127 0
a 4240 5683 6682 7237 3354 3467 3579 3691 3804 3908 4021 4136 4359 4469 4577 4687 4800 4912 5023 5131 5246 5355 5469 5573 5795 5912 6020 6129 6240 6357 6461 6576 6799 6907 7017 7130 0
a 4240 5683 6682 7237 3356 3466 3582 3691 3798 3908 4023 4136 4353 4469 4581 4689 4801 4909 5022 5129 5245 5357 5469 5576 5801 5909 6017 6133 6241 6357 6462 6576 6797 6905 7018 7128 0
a 4240 5683 6682 7237 3355 3467 3581 3693 3797 3912 4024 4131 4353 4468 4577 4691 4803 4911 5022 5135 5247 5353 5462 5578 5800 5913 6020 6128 6240 6350 6465 6574 6796 6911 7017 7130 0
a 4240 5683 6682 7237 3354 3468 3575 3691 3804 3910 4022 4136 4355 4470 4579 4691 4800 4909 5024 5131 5243 5351 5469 5578 5796 5913 6022 6132 6245 6354 6461 6573 6796 6905 7017 7130 0
a 4240 5683 6682 7237 3357 3469 3576 3693 3797 3911 4021 4136 4359 4468 4580 4687 4797 4910 5024 5129 5242 5358 5465 5577 5798 5910 6022 6128 6240 6356 6465 6574 6801 6910 7016 7128 0
a 4240 5683 6682 7237 3357 3469 3576 3686 3800 3915 4021 4136 4359 4464 4580 4687 4799 4912 5024 5133 5242 5351 5469 5576 5800 5909 6021 6128 6246 6356 6466 6574 6794 6906 7017 7131 0
a 4240 5683 6682 7237 3357 3471 3575 3691 3798 3910 4022 4136 4357 4464 4581 4691 4798 4910 5024 5133 5242 5354 5462 5578 5798 5913 6021 6129 6245 6350 6468 6574 6799 6905 7017 7131 0
a 4240 5683 6682 7237 3357 3470 3575 3687 3800 3915 4021 4135 4353 4470 4576 4688 4801 4913 5023 5129 5247 5353 5465 5577 5801 5910 6024 6131 6244 6356 6465 6574 6794 6906 7017 7127 0
a 4240 5683 6682 7237 3356 3468 3575 3691 3804 3909 4021 4136 4353 4470 4579 4691 4800 4909 5021 5135 5240 5353 5469 5578 5801 5913 6022 6132 6241 6354 6461 6573 6795 6908 7019 7127 0
a 4240 5683 6682 7237 3357 3469 3582 3686 3798 3911 4021 4136 4355 4464 4580 4687 4803 4912 5024 5133 5242 5358 5462 5576 5800 5906 6021 6129 6246 6356 6466 6574 6797 6905 7017 7131 0
a 4240 5683 6682 7237 3360 3464 3579 3691 3798 3910 4022 4136 4355 4464 4576 4691 4800 4912 5024 5133 5245 5354 5469 5575 5802 5906 6022 6129 6245 6357 6463 6572 6794 6908 7017 7131 0
a 4240 5683 6682 7237 3357 3469 3582 3686 3798 3911 4021 4136 4353 4468 4580 4687 4803 4910 5024 5133 5242 5358 5465 5573 5798 5906 6022 6132 6246 6356 6462 6574 6794 6910 7020 7128 0
a 4240 5683 6682 7237 3354 3464 3579 3691 3804 3911 4021 4136 4359 4469 4579 4687 4800 4910 5021 5131 5246 5355 5469 5578 5795 5912 6022 6129 6240 6357 6461 6576 6797 6907 7017 7127 0
a 4240 5683 6682 7237 3355 3471 3580 3687 3800 3912 4019 4136 4353 4470 4579 4691 4800 4910 5024 5133 5242 5354 5467 5573 5795 5913 6020 6132 6245 6350 6463 6577 6801 6906 7017 7129 0
a 4240 5683 6682 7237 3357 3469 3582 3687 3797 3911 4021 4136 4353 4470 4580 4687 4801 4910 5024 5133 5242 5358 5465 5573 5798 5906 6021 6133 6244 6356 6461 6574 6801 6906 7017 7131 0
a 4240 5683 6682 7237 3354 3466 3575 3691 3804 3912 4022 4136 4355 4470 4579 4691 4800 4909 5024 5133 5243 5351 5469 5578 5796 5913 6022 6132 6245 6352 6461 6573 6796 6905 7017 7130 0
a 4240 5683 6682 7237 3355 3469 3575 3693 3798 3912 4022 4136 4353 4468 4581 4691 4800 4910 5024 5133 5242 5354 5469 5573 5798 5913 6022 6132 6245 6350 6463 6573 6794 6910 7017 7129 0
a 4240 5683 6682 7237 3358 3467 3576 3686 3804 3912 4021 4136 4359 4464 4580 4687 4800 4910 5024 5133 5242 5358 5462 5578 5795 5909 6022 6132 6244 6356 6468 6574 6797 6906 7017 7127 0
a 4240 5683 6682 7237 3356 3464 3582 3691 3799 3912 4020 4136 4353 4469 4579 4692 4800 4909 5022 5131 5246 5354 5469 5578 5795 5912 6022 6131 6246 6351 6461 6576 6797 6906 7018 7127 0
a 4240 5683 6682 7237 3355 3469 3578 3693 3803 3908 4023 4131 4359 4468 4577 4691 4797 4911 5022 5135 5242 5358 5462 5576 5795 5907 6022 6134 6240 6354 6463 6572 6801 6910 7019 7129 0
a 4240 5683 6682 7237 3356 3468 3576 3691 3797 3915 4021 4136 4359 4464 4579 4691 4800 4909 5018 5135 5242 5354 5469 5578 5801 5910 6022 6131 6246 6352 6461 6576 6797 6906 7017 7127 0
a 4240 5683 6682 7237 3357 3469 3582 3686 3800 3909 4021 4136 4355 4468 4580 4687 4803 4908 5024 5133 5242 5358 5465 5573 5796 5906 6022 6132 6246 6356 6462 6574 6794 6910 7020 7130 0
a 4240 5683 6682 7237 3360 3466 3579 3691 3798 3908 4022 4136 4357 4469 4577 4686 4800 4909 5018 5133 5246 5354 5469 5578 5802 5912 6018 6131 6241 6357 6461 6573 6799 6905 7018 7131 0
a 4240 5683 6682 7237 3357 3469 3582 3686 3798 3911 4021 4136 4355 4464 4580 4687 4803 4912 5024 5133 5242 5358 5462 5576 5800 5906 6018 6132 6246 6356 6466 6574 6797 6905 7020 7128 0
a 4240 5683 6682 7237 3355 3464 3576 3691 3803 3915 4023 4133 4357 4470 4577 4691 4797 4911 5022 5135 5242 5354 5469 5578 5802 5906 6020 6134 6240 6354 6461 6574 6799 6905 7018 7128 0
a 4240 5683 6682 7237 3356 3468 3580 3688 3804 3909 4019 4136 4356 4470 4576 4691 4797 4912 5024 5134 5240 5358 5465 5575 5796 5909 6024 6128 6245 6350 6465 6573 6799 6908 7018 7131 0
a 4240 5683 6682 7237 3357 3469 3575 3687 3799 3915 4022 4136 4353 4470 4580 4688 4798 4912 5024 5129 5243 5353 5469 5577 5802 5910 6022 6131 6244 6356 6465 6574 6794 6906 7017 7127 0
a 4240 5683 6682 7237 3354 3467 3580 3686 3803 3915 4021 4134 4356 4470 4576 4691 4801 4910 5024 5134 5240 5355 5469 5575 5802 5909 6018 6128 6240 6352 6465 6578 6797 6910 7016 7128 0
a 4240 5683 6682 7237 3354 3467 3575 3691 3804 3912 4021 4136 4359 4465 4579 4691 4800 4910 5024 5133 5242 5351 5469 5578 5796 5909 6022 6132 6245 6357 6461 6573 6797 6905 7017 7129 0
a 4240 5683 6682 7237 3358 3468 3576 3686 3800 3915 4021 4136 4358 4464 4576 4689 4803 4910 5018 5136 5246 5353 5465 5578 5802 5909 6022 6132 6244 6356 6465 6574 6794 6906 7017 7127 0
a 4240 5683 6682 7237 3357 3466 3576 3691 3804 3908 4022 4136 4359 4464 4580 4688 4801 4909 5018 5135 5245 5355 5469 5576 5798 5912 6021 6133 6241 6357 6461 6576 6795 6905 7018 7128 0
a 4240 5683 6682 7237 3354 3467 3582 3691 3799 3912 4019 4136 4355 4469 4581 4687 4800 4912 5022 5129 5245 5357 5469 5575 5801 5906 6022 6129 6240 6357 6463 6576 6797 6905 7017 7130 0
a 4240 5683 6682 7237 3354 3466 3579 3691 3804 3911 4019 4136 4359 4469 4579 4687 4800 4910 5021 5133 5246 5351 5469 5578 5796 5912 6022 6128 6239 6357 6463 6573 6797 6907 7017 7131 0
a 4240 5683 6682 7237 3356 3464 3582 3691 3799 3909 4023 4136 4358 4467 4575 4692 4801 4909 5023 5131 5246 5354 5469 5577 5795 5910 6018 6131 6246 6356 6461 6573 6797 6910 7018 7127 0
a 4240 5683 6682 7237 3360 3464 3578 3691 3798 3910 4023 4136 4356 4464 4579 4691 4799 4909 5024 5133 5242 5354 5469 5578 5802 5906 6022 6129 6245 6357 6463 6572 6794 6908 7017 7131 0
a 4240 5683 6682 7237 3360 3467 3575 3691 3798 3912 4021 4136 4353 4465 4579 4691 4800 4910 5024 5133 5242 5351 5469 5578 5802 5909 6022 6132 6245 6357 6461 6573 6797 6905 7017 7129 0
a 4240 5683 6682 7237 3357 3469 3576 3686 3800 3915 4021 4136 4358 4464 4576 4688 4803 4912 5018 5136 5246 5353 5465 5577 5802 5910 6022 6131 6244 6356 6465 6574 6794 6906 7017 7127 0
a 4240 5683 6682 7237 3355 3469 3578 3687 3804 3908 4023 4136 4353 4470 4580 4689 4801 4910 5024 5133 5242 5354 5469 5573 5800 5913 6017 6132 6239 6356 6463 6577 6797 6906 7017 7129 0
a 4240 5683 6682 7237 3356 3468 3576 3691 3804 3908 4021 4136 4357 4470 4575 4691 4800 4909 5018 5135 5243 5353 5469 5578 5801 5913 6020 6132 6241 6354 6461 6573 6799 6905 7017 7130 0
a 4240 5683 6682 7237 3356 3468 3582 3691 3799 3908 4020 4136 4353 4469 4581 4689 4801 4909 5023 5131 5246 5354 5469 5573 5795 5912 6021 6131 6240 6357 6461 6576 6797 6910 7018 7128 0
a 4240 5683 6682 7237 3357 3469 3576 3686 3800 3915 4021 4136 4359 4464 4580 4687 4799 4912 5024 5133 5242 5354 5469 5573 5800 5906 6021 6131 6246 6356 6466 6574 6794 6906 7017 7131 0
a 4240 5683 6682 7237 3357 3469 3576 3693 3800 3908 4021 4136 4359 4464 4580 4687 4799 4912 5024 5133 5242 5358 5462 5576 5800 5909 6021 6128 6239 6356 6466 6574 6801 6906 7017 7131 0
a 4240 5683 6682 7237 3357 3467 3576 3691 3804 3908 4021 4136 4359 4464 4580 4687 4801 4910 5024 5133 5242 5358 5462 5578 5800 5909 6021 6128 6239 6356 6468 6574 6797 6906 7017 7131 0
a 4240 5683 6682 7237 3355 3464 3582 3687 3800 3912 4024 4136 4353 4468 4581 4691 4800 4910 5024 5133 5242 5354 5469 5578 5800 5906 6020 6132 6245 6357 6463 6572 6794 6906 7017 7129 0
a 4240 5683 6682 7237 3360 3467 3576 3686 3803 3912 4021 4135 4356 4465 4579 4691 4797 4910 5024 5134 5240 5353 5469 5577 5802 5909 6022 6128 6240 6357 6465 6578 6797 6907 7016 7128 0
a 4240 5683 6682 7237 3355 3464 3582 3691 3798 3911 4023 4136 4356 4464 4581 4691 4799 4912 5024 5133 5245 5353 5469 5576 5798 5906 6022 6129 6245 6357 6463 6572 6794 6907 7017 7131 0
a 4240 5683 6682 7237 3356 3466 3582 3691 3798 3908 4023 4136 4357 4469 4581 4689 4797 4909 5018 5133 5243 5357 5469 5578 5801 5907 6020 6132 6241 6357 6461 6573 6799 6905 7018 7130 0
a 4240 5683 6682 7237 3355 3467 3581 3693 3802 3908 4023 4131 4353 4468 4581 4691 4799 4911 5022 5135 5240 5353 5469 5578 5798 5913 6022 6128 6240 6354 6461 6574 6796 6911 7017 7130 0
a 4240 5683 6682 7237 3354 3468 3575 3691 3804 3910 4022 4136 4358 4470 4579 4688 4800 4909 5021 5129 5242 5357 5469 5578 5796 5913 6022 6132 6245 6354 6463 6573 6794 6908 7017 7127 0
a 4240 5683 6682 7237 3358 3464 3582 3688 3798 3911 4023 4136 4353 4470 4580 4689 4798 4910 5024 5133 5242 5358 5465 5578 5798 5906 6022 6132 6244 6356 6461 6573 6801 6905 7017 7129 0
a 4240 5683 6682 7237 3354 3466 3579 3691 3804 3911 4019 4136 4359 4469 4577 4687 4800 4912 5023 5129 5246 5355 5469 5576 5795 5912 6020 6129 6240 6357 6463 6576 6799 6907 7017 7127 0
a 4240 5683 6682 7237 3360 3468 3578 3691 3799 3908 4020 4136 4357 4467 4580 4686 4799 4909 5024 5131 5240 5354 5469 5578 5796 5913 6021 6128 6246 6356 6461 6573 6799 6908 7018 7131 0
a 4240 5683 6682 7237 3356 3468 3576 3691 3799 3915 4019 4136 4359 4464 4579 4691 4800 4909 5021 5135 5240 5353 5469 5578 5801 5906 6022 6132 6246 6354 6463 6572 6797 6906 7017 7130 0
a 4240 5683 6682 7237 3358 3468 3575 3687 3803 3910 4026 4133 4353 4470 4577 4689 4798 4913 5024 5129 5242 5358 5465 5578 5802 5909 6022 6132 6244 6356 6465 6574 6794 6906 7017 7127 0
a 4240 5683 6682 7237 3357 3469 3582 3687 3800 3908 4021 4136 4353 4468 4580 4687 4803 4910 5024 5133 5242 5358 5465 5573 5795 5909 6022 6132 6246 6356 6461 6574 6795 6910 7020 7128 0
a 4240 5683 6682 7237 3359 3468 3576 3686 3804 3910 4022 4135 4357 4464 4577 4692 4798 4911 5018 5136 5242 5354 5467 5579 5801 5910 6024 6131 6244 6356 6465 6574 6794 6906 7017 7127 0
a 4240 5683 6682 7237 3357 3470 3575 3687 3804 3911 4021 4135 4353 4470 4577 4687 4801 4913 5023 5129 5242 5355 5469 5576 5801 5913 6020 6132 6244 6356 6465 6574 6794 6906 7017 7127 0
a 4240 5683 6682 7237 3359 3468 3575 3687 3804 3910 4024 4133 4353 4470 4577 4689 4798 4912 5023 5129 5242 5354 5469 5579 5801 5913 6020 6132 6244 6356 6465 6574 6794 6906 7017 7127 0
a 4240 5683 6682 7237 3357 3467 3582 3691 3799 3908 4020 4136 4353 4469 4581 4688 4801 4909 5023 5131 5246 5355 5469 5573 5795 5912 6021 6131 6240 6357 6461 6576 6797 6910 7018 7128 0
a 4240 5683 6682 7237 3354 3464 3579 3691 3804 3910 4022 4136 4357 4470 4577 4691 4800 4909 5024 5133 5242 5354 5469 5578 5796 5913 6017 6131 6245 6350 6463 6573 6799 6905 7017 7131 0
a 4240 5683 6682 7237 3360 3464 3578 3691 3798 3910 4023 4136 4356 4464 4579 4691 4798 4910 5024 5133 5242 5354 5469 5578 5802 5906 6022 6129 6245 6357 6461 6574 6797 6905 7017 7131 0
a 4240 5683 6682 7237 3356 3466 3575 3691 3804 3912 4020 4136 4357 4470 4575 4691 4800 4909 5022 5135 5243 5351 5469 5578 5801 5913 6020 6129 6241 6351 6461 6576 6799 6905 7018 7130 0
a 4240 5683 6682 7237 3357 3469 3582 3687 3797 3911 4021 4136 4355 4468 4580 4687 4803 4908 5024 5133 5242 5358 5465 5573 5796 5906 6021 6133 6246 6356 6461 6574 6799 6908 7017 7131 0
a 4240 5683 6682 7237 3354 3469 3579 3686 3804 3911 4021 4136 4359 4468 4580 4687 4800 4910 5024 5133 5242 5358 5465 5573 5798 5906 6022 6129 6240 6356 6468 6574 6794 6910 7017 7131 0
a 4240 5683 6682 7237 3355 3471 3580 3686 3798 3912 4022 4136 4353 4468 4581 4691 4800 4910 5024 5133 5242 5354 5467 5573 5798 5906 6024 6132 6245 6357 6463 6573 6794 6910 7017 7129 0
a 4240 5683 6682 7237 3360 3464 3576 3691 3800 3910 4023 4136 4356 4465 4575 4691 4799 4912 5024 5133 5245 5354 5469 5575 5802 5906 6022 6131 6245 6357 6461 6573 6796 6905 7017 7131 0
a 4240 5683 6682 7237 3354 3466 3582 3691 3800 3912 4019 4136 4357 4469 4581 4687 4800 4910 5018 5133 5246 5354 5469 5578 5796 5912 6020 6132 6239 6357 6463 6573 6799 6907 7017 7127 0
a 4240 5683 6682 7237 3357 3469 3582 3687 3800 3908 4021 4136 4353 4470 4580 4687 4799 4912 5024 5133 5242 5358 5462 5576 5800 5909 6021 6128 6239 6356 6466 6574 6801 6906 7017 7131 0
a 4240 5683 6682 7237 3356 3464 3576 3691 3804 3912 4021 4136 4359 4464 4579 4691 4800 4909 5022 5135 5243 5353 5469 5578 5801 5906 6022 6131 6241 6357 6461 6576 6795 6905 7019 7128 0
a 4240 5683 6682 7237 3357 3469 3576 3693 3800 3908 4021 4136 4355 4468 4580 4687 4803 4908 5024 5129 5242 5358 5465 5577 5802 5910 6022 6128 6240 6356 6465 6574 6794 6910 7017 7130 0
a 4240 5683 6682 7237 3357 3464 3582 3691 3799 3911 4020 4136 4355 4469 4575 4692 4801 4909 5023 5131 5246 5355 5469 5576 5795 5912 6021 6129 6246 6351 6461 6576 6797 6910 7018 7127 0
a 4240 5683 6682 7237 3356 3464 3579 3691 3798 3915 4021 4136 4359 4464 4579 4691 4800 4909 5021 5135 5242 5355 5469 5578 5801 5906 6022 6129 6246 6352 6461 6576 6797 6905 7017 7130 0
a 4240 5683 6682 7237 3360 3464 3578 3691 3799 3909 4023 4136 4356 4464 4580 4688 4801 4909 5024 5131 5245 5355 5469 5576 5795 5913 6018 6133 6246 6356 6461 6576 6797 6906 7018 7127 0
a 4240 5683 6682 7237 3360 3464 3578 3691 3799 3909 4023 4136 4356 4464 4579 4691 4799 4909 5024 5131 5243 5355 5469 5578 5802 5906 6022 6129 6245 6357 6461 6576 6795 6905 7018 7130 0
a 4240 5683 6682 7237 3357 3469 3578 3687 3797 3915 4021 4136 4353 4470 4580 4687 4799 4912 5024 5129 5242 5354 5469 5577 5802 5910 6022 6128 6244 6356 6465 6574 6795 6908 7016 7128 0
a 4240 5683 6682 7237 3358 3467 3575 3688 3798 3915 4023 4136 4353 4470 4580 4689 4798 4910 5024 5133 5242 5351 5469 5578 5802 5909 6022 6132 6244 6356 6461 6573 6797 6905 7017 7129 0
a 4240 5683 6682 7237 3357 3471 3575 3687 3800 3910 4024 4136 4359 4468 4575 4691 4798 4910 5024 5133 5242 5351 5465 5578 5800 5909 6021 6129 6245 6357 6461 6574 6801 6905 7017 7131 0
a 4240 5683 6682 7237 3357 3469 3576 3693 3797 3911 4021 4136 4359 4464 4580 4687 4801 4910 5024 5133 5242 5358 5465 5573 5798 5906 6021 6133 6244 6356 6461 6574 6801 6906 7017 7131 0
a 4240 5683 6682 7237 3357 3469 3575 3693 3798 3911 4021 4136 4355 4464 4580 4687 4803 4912 5024 5129 5242 5358 5465 5577 5802 5910 6022 6129 6244 6356 6465 6574 6794 6908 7017 7127 0
a 4240 5683 6682 7237 3355 3469 3576 3686 3804 3911 4023 4136 4359 4468 4577 4691 4797 4911 5022 5135 5242 5358 5462 5576 5801 5906 6020 6133 6240 6354 6468 6574 6799 6905 7018 7128 0
a 4240 5683 6682 7237 3355 3471 3576 3691 3803 3908 4023 4133 4357 4470 4577 4691 4797 4911 5022 5135 5242 5354 5467 5573 5795 5913 6020 6134 6240 6354 6461 6574 6801 6910 7018 7128 0
a 4240 5683 6682 7237 3359 3467 3575 3688 3804 3909 4024 4134 4356 4470 4579 4687 4799 4908 5024 5134 5240 5358 5466 5575 5796 5909 6024 6133 6245 6354 6462 6572 6796 6908 7016 7133 0
a 4240 5683 6682 7237 3356 3468 3582 3691 3798 3910 4019 4136 4353 4469 4579 4692 4800 4909 5021 5129 5242 5357 5469 5578 5801 5906 6022 6132 6246 6354 6463 6573 6797 6905 7017 7130 0
a 4240 5683 6682 7237 3355 3469 3581 3690 3797 3911 4026 4131 4353 4470 4577 4691 4801 4911 5018 5135 5247 5355 5465 5575 5800 5913 6021 6131 6240 6352 6461 6577 6796 6911 7017 7127 0
a 4240 5683 6682 7237 3355 3467 3581 3693 3797 3912 4024 4131 4353 4468 4577 4691 4803 4911 5022 5135 5245 5358 5462 5575 5802 5906 6020 6133 6240 6352 6465 6572 6796 6911 7017 7130 0
a 4240 5683 6682 7237 3359 3468 3576 3686 3800 3915 4021 4135 4357 4464 4581 4687 4799 4911 5018 5136 5242 5354 5467 5579 5801 5910 6024 6131 6244 6356 6465 6574 6794 6906 7017 7127 0
a 4240 5683 6682 7237 3356 3468 3576 3691 3804 3910 4019 4136 4359 4464 4579 4691 4800 4909 5018 5135 5242 5354 5469 5578 5801 5910 6022 6131 6239 6357 6463 6576 6797 6906 7017 7127 0
a 4240 5683 6682 7237 3358 3468 3576 3686 3800 3915 4021 4136 4358 4464 4576 4688 4803 4911 5018 5136 5246 5353 5465 5578 5802 5910 6022 6131 6244 6356 6465 6574 6794 6906 7017 7127 0
a 4240 5683 6682 7237 3355 3467 3581 3690 3797 3915 4024 4131 4357 4470 4577 4691 4797 4911 5018 5135 5245 5355 5469 5575 5802 5907 6021 6131 6240 6352 6461 6577 6796 6911 7019 7127 0
a 4240 5683 6682 7237 3354 3468 3582 3691 3799 3908 4022 4136 4355 4469 4581 4687 4800 4912 5023 5129 5243 5357 5469 5575 5801 5910 6017 6129 6240 6357 6463 6576 6799 6905 7017 7130 0
a 4240 5683 6682 7237 3356 3466 3576 3691 3797 3915 4023 4136 4356 4470 4580 4686 4801 4909 5023 5135 5243 5351 5469 5577 5802 5912 6020 6128 6241 6354 6461 6573 6795 6910 7018 7130 0
a 4240 5683 6682 7237 3357 3466 3576 3691 3797 3915 4022 4136 4358 4470 4577 4686 4801 4909 5023 5133 5246 5354 5469 5573 5802 5906 6021 6131 6241 6356 6461 6573 6795 6910 7018 7131 0
a 4240 5683 6682 7237 3354 3471 3579 3691 3800 3908 4021 4136 4357 4470 4580 4687 4800 4910 5024 5133 5242 5354 5467 5573 5795 5913 6020 6129 6240 6356 6461 6574 6801 6910 7017 7131 0
a 4240 5683 6682 7237 3356 3466 3582 3691 3797 3909 4023 4136 4353 4467 4581 4691 4801 4909 5023 5135 5243 5351 5469 5577 5801 5910 6020 6128 6241 6357 6461 6573 6795 6910 7018 7130 0
a 4240 5683 6682 7237 3357 3466 3576 3691 3797 3915 4022 4136 4355 4470 4580 4686 4801 4909 5023 5135 5243 5351 5469 5577 5802 5912 6021 6128 6241 6354 6461 6573 6795 6910 7018 7130 0
a 4240 5683 6682 7237 3354 3469 3579 3693 3800 3908 4021 4136 4359 4468 4580 4687 4800 4910 5024 5133 5242 5358 5465 5573 5795 5909 6022 6129 6240 6356 6461 6574 6801 6910 7017 7131 0
a 4240 5683 6682 7237 3357 3469 3582 3687 3797 3911 4021 4136 4353 4468 4580 4687 4803 4910 5024 5129 5242 5358 5465 5577 5798 5910 6022 6128 6246 6356 6465 6574 6795 6910 7016 7128 0
a 4240 5683 6682 7237 3357 3469 3576 3686 3800 3915 4021 4136 4359 4464 4580 4687 4799 4912 5024 5133 5242 5351 5469 5576 5800 5909 6017 6132 6246 6356 6466 6574 6795 6905 7020 7128 0
a 4240 5683 6682 7237 3354 3468 3578 3691 3804 3908 4021 4136 4359 4469 4576 4688 4800 4912 5018 5131 5245 5357 5469 5576 5801 5910 6022 6129 6240 6357 6461 6576 6797 6905 7017 7129 0
a 4240 5683 6682 7237 3355 3471 3581 3690 3797 3911 4024 4131 4353 4470 4579 4691 4799 4911 5023 5135 5242 5355 5462 5576 5798 5913 6021 6128 6240 6350 6463 6577 6801 6911 7017 7129 0
a 4240 5683 6682 7237 3357 3466 3576 3691 3804 3908 4022 4136 4359 4469 4577 4686 4801 4909 5018 5133 5246 5354 5469 5578 5800 5912 6021 6131 6241 6357 6461 6573 6795 6905 7018 7131 0
a 4240 5683 6682 7237 3356 3464 3582 3691 3798 3912 4021 4136 4357 4464 4581 4691 4800 4909 5022 5135 5243 5353 5469 5578 5801 5906 6018 6131 6241 6357 6461 6576 6799 6905 7019 7128 0
a 4240 5683 6682 7237 3354 3464 3579 3691 3804 3911 4021 4136 4359 4469 4577 4687 4800 4912 5023 5131 5246 5355 5469 5576 5795 5912 6020 6129 6240 6357 6461 6576 6799 6907 7017 7127 0
a 4240 5683 6682 7237 3356 3464 3579 3691 3799 3915 4020 4136 4357 4470 4580 4686 4800 4909 5024 5131 5243 5355 5469 5578 5802 5906 6020 6129 6240 6356 6461 6576 6799 6905 7018 7130 0
a 4240 5683 6682 7237 3355 3464 3582 3691 3798 3912 4022 4136 4358 4464 4581 4688 4801 4911 5023 5133 5242 5357 5469 5576 5798 5906 6021 6129 6245 6357 6463 6572 6794 6910 7017 7129 0
a 4240 5683 6682 7237 3360 3464 3579 3691 3798 3910 4022 4136 4357 4464 4580 4688 4800 4909 5021 5135 5242 5355 5469 5578 5802 5912 6017 6129 6239 6357 6463 6576 6799 6908 7017 7127 0
a 4240 5683 6682 7237 3357 3469 3582 3686 3800 3909 4021 4136 4357 4470 4580 4687 4799 4908 5024 5133 5242 5358 5462 5576 5795 5909 6018 6132 6240 6356 6466 6574 6801 6910 7020 7127 0
a 4240 5683 6682 7237 3357 3467 3582 3691 3799 3908 4020 4136 4357 4469 4575 4692 4799 4909 5018 5131 5246 5355 5469 5578 5798 5912 6021 6129 6246 6351 6461 6576 6799 6905 7018 7130 0
a 4240 5683 6682 7237 3354 3466 3579 3691 3804 3911 4019 4136 4359 4469 4579 4687 4800 4910 5021 5129 5246 5355 5469 5578 5795 5912 6022 6129 6240 6357 6463 6576 6797 6907 7017 7127 0
a 4240 5683 6682 7237 3358 3471 3578 3687 3797 3912 4021 4136 4353 4465 4581 4691 4800 4910 5024 5133 5242 5354 5467 5573 5800 5906 6024 6132 6245 6357 6461 6577 6797 6906 7017 7129 0
a 4240 5683 6682 7237 3358 3468 3576 3686 3804 3911 4021 4136 4358 4464 4576 4689 4803 4910 5018 5136 5246 5353 5465 5578 5798 5913 6022 6132 6244 6356 6465 6574 6794 6906 7017 7127 0
a 4240 5683 6682 7237 3360 3467 3579 3687 3802 3908 4021 4136 4353 4468 4580 4687 4800 4910 5024 5133 5242 5358 5462 5578 5802 5909 6022 6128 6239 6356 6468 6574 6797 6906 7017 7131 0
a 4240 5683 6682 7237 3357 3469 3578 3687 3797 3915 4021 4136 4359 4468 4580 4687 4799 4908 5024 5133 5242 5354 5469 5573 5796 5906 6021 6133 6246 6356 6461 6574 6799 6908 7017 7131 0
a 4240 5683 6682 7237 3357 3469 3575 3693 3800 3909 4021 4136 4355 4464 4580 4687 4803 4912 5024 5129 5242 5358 5465 5577 5802 5910 6022 6129 6244 6356 6465 6574 6795 6905 7016 7130 0
a 4240 5683 6682 7237 3355 3471 3581 3690 3802 3911 4019 4131 4353 4468 4580 4692 4799 4911 5021 5135 5240 5353 5466 5578 5802 5910 6022 6128 6240 6350 6468 6574 6796 6908 7017 7133 0
a 4240 5683 6682 7237 3356 3468 3582 3691 3799 3908 4020 4136 4357 4469 4575 4692 4800 4909 5018 5131 5243 5357 5469 5578 5801 5907 6020 6132 6246 6354 6461 6573 6799 6905 7018 7130 0
a 4240 5683 6682 7237 3357 3469 3575 3693 3800 3909 4021 4136 4359 4464 4580 4687 4799 4912 5024 5133 5242 5358 5462 5576 5800 5909 6018 6132 6239 6356 6466 6574 6801 6906 7020 7127 0
a 4240 5683 6682 7237 3355 3464 3576 3691 3803 3915 4023 4133 4355 4470 4579 4691 4797 4911 5022 5135 5242 5354 5469 5578 5802 5906 6022 6134 6240 6354 6461 6574 6797 6905 7018 7128 0
a 4240 5683 6682 7237 3357 3469 3575 3687 3800 3915 4021 4136 4359 4468 4580 4687 4799 4908 5024 5133 5242 5351 5469 5576 5796 5909 6021 6133 6246 6356 6461 6574 6799 6905 7017 7131 0
a 4240 5683 6682 7237 3360 3464 3576 3691 3800 3910 4023 4136 4356 4465 4575 4691 4801 4910 5024 5133 5245 5354 5469 5575 5802 5906 6020 6133 6245 6357 6461 6573 6796 6905 7017 7131 0
a 4240 5683 6682 7237 3357 3469 3578 3686 3798 3915 4021 4136 4359 4464 4580 4687 4799 4912 5024 5133 5242 5354 5469 5573 5800 5906 6018 6132 6246 6356 6466 6574 6794 6908 7020 7128 0
a 4240 5683 6682 7237 3354 3468 3582 3691 3799 3908 4022 4136 4357 4469 4581 4688 4800 4909 5018 5131 5243 5357 5469 5578 5801 5910 6018 6131 6240 6357 6461 6576 6799 6905 7018 7128 0
a 4240 5683 6682 7237 3355 3467 3581 3690 3802 3915 4019 4131 4353 4470 4580 4689 4801 4910 5023 5135 5240 5353 5469 5577 5802 5909 6021 6128 6240 6350 6463 6577 6797 6907 7017 7133 0
a 4240 5683 6682 7237 3358 3464 3579 3693 3798 3911 4021 4136 4359 4464 4580 4687 4800 4910 5024 5133 5242 5358 5465 5578 5798 5906 6022 6129 6244 6356 6461 6574 6801 6905 7017 7131 0
a 4240 5683 6682 7237 3357 3469 3575 3693 3800 3909 4021 4136 4359 4468 4580 4687 4799 4908 5024 5133 5242 5358 5462 5576 5796 5909 6022 6132 6239 6356 6462 6574 6801 6910 7020 7127 0
a 4240 5683 6682 7237 3358 3467 3579 3687 3797 3915 4021 4136 4353 4470 4580 4687 4800 4910 5024 5133 5242 5351 5469 5578 5802 5909 6022 6128 6244 6356 6461 6574 6797 6906 7017 7131 0
a 4240 5683 6682 7237 3359 3466 3575 3693 3800 3909 4024 4134 4356 4464 4581 4687 4799 4912 5024 5134 5240 5358 5466 5576 5800 5909 6024 6129 6245 6354 6463 6572 6795 6907 7016 7133 0
a 4240 5683 6682 7237 3360 3468 3575 3691 3798 3910 4022 4136 4358 4464 4579 4688 4800 4909 5021 5131 5240 5357 5469 5578 5802 5910 6022 6129 6245 6357 6461 6576 6796 6908 7017 7127 0
a 4240 5683 6682 7237 3357 3467 3582 3691 3799 3908 4020 4136 4355 4469 4575 4692 4801 4909 5023 5131 5240 5357 5469 5577 5801 5907 6021 6128 6246 6354 6461 6573 6797 6910 7018 7130 0
a 4240 5683 6682 7237 3357 3469 3576 3686 3800 3915 4021 4136 4357 4470 4580 4687 4799 4908 5024 5133 5242 5351 5469 5576 5802 5909 6021 6128 6240 6356 6466 6574 6794 6910 7017 7131 0
a 4240 5683 6682 7237 3354 3466 3578 3691 3804 3912 4019 4136 4359 4469 4576 4688 4800 4912 5022 5129 5245 5357 5469 5576 5801 5906 6022 6129 6240 6357 6463 6576 6797 6905 7017 7129 0
a 4240 5683 6682 7237 3357 3469 3576 3693 3800 3908 4021 4136 4359 4464 4580 4687 4801 4910 5024 5133 5242 5358 5465 5573 5795 5909 6021 6133 6244 6356 6461 6574 6801 6906 7017 7131 0
a 4240 5683 6682 7237 3354 3467 3582 3691 3799 3912 4019 4136 4357 4469 4581 4688 4800 4909 5022 5129 5246 5353 5469 5578 5795 5912 6020 6129 6240 6357 6463 6576 6799 6908 7017 7127 0
a 4240 5683 6682 7237 3354 3467 3579 3691 3804 3908 4021 4136 4357 4470 4580 4687 4800 4910 5024 5133 5242 5358 5467 5573 5795 5909 6024 6129 6240 6356 6461 6574 6797 6910 7017 7131 0
a 4240 5683 6682 7237 3357 3469 3575 3687 3800 3915 4021 4136 4359 4468 4580 4687 4799 4908 5024 5129 5242 5354 5469 5577 5796 5910 6022 6131 6246 6356 6465 6574 6794 6910 7017 7127 0
a 4240 5683 6682 7237 3360 3467 3576 3691 3799 3908 4023 4136 4356 4469 4579 4688 4797 4909 5018 5131 5246 5355 5469 5578 5802 5912 6022 6131 6240 6357 6461 6576 6797 6905 7018 7128 0
a 4240 5683 6682 7237 3355 3467 3581 3693 3802 3908 4023 4131 4353 4468 4580 4692 4799 4911 5022 5135 5240 5353 5469 5578 5802 5909 6022 6128 6240 6354 6461 6574 6796 6908 7017 7133 0
a 4240 5683 6682 7237 3354 3469 3578 3693 3797 3910 4023 4136 4356 4468 4580 4692 4798 4910 5024 5133 5242 5354 5469 5573 5802 5906 6022 6129 6240 6356 6461 6574 6797 6910 7017 7131 0
a 4240 5683 6682 7237 3357 3469 3582 3686 3798 3911 4021 4136 4357 4464 4580 4687 4803 4910 5024 5133 5242 5358 5465 5573 5798 5906 6021 6129 6246 6356 6466 6574 6794 6910 7017 7131 0
a 4240 5683 6682 7237 3355 3464 3576 3693 3802 3911 4023 4136 4358 4467 4575 4692 4801 4910 5021 5134 5242 5357 5469 5577 5802 5910 6017 6133 6245 6350 6462 6574 6797 6905 7018 7128 0
a 4240 5683 6682 7237 3357 3466 3576 3691 3804 3908 4022 4136 4355 4470 4580 4686 4801 4909 5024 5133 5245 5354 5469 5573 5795 5913 6021 6133 6241 6356 6461 6573 6795 6908 7018 7131 0
a 4240 5683 6682 7237 3357 3469 3576 3686 3803 3915 4021 4133 4358 4464 4577 4687 4803 4912 5018 5136 5242 5355 5465 5579 5802 5909 6022 6132 6244 6356 6465 6574 6794 6906 7017 7127 0
a 4240 5683 6682 7237 3360 3464 3578 3691 3798 3912 4021 4136 4353 4465 4579 4691 4800 4910 5024 5133 5242 5354 5469 5578 5802 5906 6022 6132 6245 6357 6461 6573 6797 6905 7017 7129 0
a 4240 5683 6682 7237 3357 3469 3576 3686 3804 3911 4021 4136 4355 4470 4580 4687 4797 4912 5024 5133 5242 5358 5462 5576 5800 5906 6024 6132 6240 6356 6466 6574 6797 6905 7020 7128 0
a 4240 5683 6682 7237 3357 3470 3576 3686 3804 3910 4022 4135 4357 4464 4577 4692 4798 4913 5018 5136 5242 5354 5467 5577 5801 5910 6024 6131 6244 6356 6465 6574 6794 6906 7017 7127 0
a 4240 5683 6682 7237 3354 3468 3575 3691 3799 3915 4022 4136 4359 4469 4579 4688 4800 4909 5021 5129 5246 5353 5469 5578 5796 5912 6022 6132 6246 6354 6463 6573 6794 6908 7017 7127 0
a 4240 5683 6682 7237 3357 3469 3576 3686 3804 3911 4021 4136 4359 4464 4580 4687 4799 4912 5024 5133 5242 5358 5462 5576 5798 5906 6022 6132 6244 6356 6468 6574 6795 6905 7020 7128 0
a 4240 5683 6682 7237 3357 3470 3576 3686 3804 3910 4024 4133 4357 4464 4576 4692 4799 4913 5018 5136 5243 5355 5464 5578 5801 5909 6024 6132 6244 6356 6465 6574 6794 6906 7017 7127 0
a 4240 5683 6682 7237 3355 3467 3580 3687 3804 3912 4019 4136 4353 4470 4579 4691 4800 4910 5024 5133 5242 5358 5467 5573 5795 5909 6024 6132 6245 6350 6463 6577 6797 6906 7017 7129 0
a 4240 5683 6682 7237 3358 3467 3575 3693 3798 3910 4023 4136 4356 4464 4580 4692 4798 4910 5024 5133 5242 5351 5469 5578 5802 5909 6022 6129 6244 6356 6461 6574 6797 6905 7017 7131 0
a 4240 5683 6682 7237 3358 3464 3578 3687 3804 3912 4021 4136 4353 4470 4580 4687 4800 4910 5024 5133 5242 5354 5469 5578 5795 5913 6022 6132 6244 6356 6461 6574 6797 6906 7017 7127 0
a 4240 5683 6682 7237 3357 3469 3575 3687 3800 3915 4021 4136 4353 4470 4580 4687 4799 4912 5024 5129 5242 5354 5469 5577 5802 5910 6022 6131 6244 6356 6465 6574 6794 6906 7017 7127 0
a 4240 5683 6682 7237 3354 3466 3575 3691 3804 3912 4022 4136 4355 4470 4579 4691 4800 4909 5022 5135 5243 5351 5469 5578 5801 5913 6022 6129 6241 6351 6461 6576 6795 6905 7018 7130 0
a 4240 5683 6682 7237 3354 3466 3579 3691 3804 3911 4019 4136 4359 4469 4577 4687 4800 4912 5023 5133 5240 5357 5469 5576 5801 5906 6020 6129 6240 6357 6463 6572 6799 6907 7017 7131 0
a 4240 5683 6682 7237 3359 3468 3576 3686 3799 3911 4026 4135 4357 4464 4581 4689 4798 4910 5018 5136 5243 5353 5467 5579 5801 5913 6020 6132 6244 6356 6465 6574 6794 6906 7017 7127 0
a 4240 5683 6682 7237 3360 3468 3575 3691 3798 3910 4022 4136 4355 4464 4579 4691 4800 4909 5024 5131 5240 5354 5469 5578 5802 5910 6022 6129 6245 6357 6461 6576 6796 6908 7017 7127 0
a 4240 5683 6682 7237 3357 3469 3575 3687 3804 3911 4021 4136 4359 4468 4580 4687 4799 4908 5024 5133 5242 5358 5462 5576 5798 5907 6022 6132 6239 6356 6468 6574 6795 6910 7020 7127 0
a 4240 5683 6682 7237 3355 3471 3576 3691 3803 3908 4022 4134 4356 4470 4577 4691 4797 4912 5023 5135 5240 5355 5464 5576 5802 5909 6017 6134 6240 6352 6465 6572 6799 6907 7023 7128 0
a 4240 5683 6682 7237 3357 3464 3582 3691 3799 3909 4022 4136 4358 4464 4577 4692 4801 4909 5023 5131 5246 5355 5469 5576 5795 5909 6021 6129 6246 6356 6461 6576 6795 6910 7018 7127 0
a 4240 5683 6682 7237 3357 3467 3575 3693 3798 3910 4024 4136 4357 4464 4580 4692 4798 4910 5024 5133 5242 5351 5469 5578 5802 5909 6021 6129 6244 6356 6461 6574 6797 6905 7017 7131 0
a 4240 5683 6682 7237 3357 3469 3576 3693 3797 3911 4021 4136 4355 4464 4580 4687 4803 4912 5024 5129 5242 5358 5465 5577 5802 5910 6022 6128 6244 6356 6465 6574 6795 6908 7016 7128 0
a 4240 5683 6682 7237 3355 3464 3576 3691 3804 3911 4023 4136 4359 4467 4579 4691 4797 4910 5021 5135 5242 5358 5467 5577 5801 5910 6017 6133 6240 6350 6468 6574 6797 6905 7018 7128 0
a 4240 5683 6682 7237 3354 3466 3578 3691 3804 3912 4019 4136 4359 4469 4579 4687 4800 4910 5022 5129 5246 5354 5469 5578 5795 5912 6022 6129 6240 6357 6463 6576 6797 6907 7017 7127 0
a 4240 5683 6682 7237 3354 3467 3582 3691 3797 3910 4023 4136 4356 4469 4581 4688 4798 4912 5023 5133 5242 5357 5469 5573 5801 5906 6020 6129 6240 6357 6461 6574 6799 6908 7017 7131 0
a 4240 5683 6682 7237 3356 3471 3575 3688 3803 3909 4024 4134 4356 4469 4579 4692 4798 4908 5024 5134 5240 5353 5466 5576 5802 5909 6018 6133 6240 6354 6468 6572 6797 6907 7016 7133 0
a 4240 5683 6682 7237 3360 3464 3576 3691 3800 3912 4021 4136 4358 4465 4575 4688 4800 4912 5023 5133 5242 5357 5469 5576 5802 5906 6020 6132 6245 6357 6461 6573 6799 6905 7017 7129 0
a 4240 5683 6682 7237 3360 3464 3579 3691 3798 3910 4022 4136 4358 4464 4576 4688 4800 4912 5021 5133 5245 5357 5469 5575 5802 5906 6022 6129 6245 6357 6463 6572 6794 6908 7017 7131 0
a 4240 5683 6682 7237 3357 3464 3582 3691 3799 3911 4020 4136 4357 4464 4581 4691 4799 4909 5024 5131 5243 5355 5469 5578 5796 5906 6021 6131 6245 6357 6461 6576 6799 6905 7018 7128 0
a 4240 5683 6682 7237 3357 3464 3576 3691 3804 3910 4022 4136 4359 4464 4576 4691 4801 4910 5024 5133 5245 5354 5469 5575 5798 5906 6021 6133 6245 6357 6463 6572 6794 6906 7017 7131 0
a 4240 5683 6682 7237 3355 3467 3581 3686 3804 3912 4024 4131 4357 4470 4577 4691 4797 4911 5022 5135 5245 5358 5462 5575 5795 5907 6024 6131 6240 6352 6465 6577 6796 6911 7019 7127 0
a 4240 5683 6682 7237 3358 3468 3575 3687 3800 3915 4021 4136 4353 4470 4580 4687 4799 4911 5024 5129 5242 5354 5469 5578 5802 5910 6022 6131 6244 6356 6465 6574 6794 6906 7017 7127 0
a 4240 5683 6682 7237 3357 3469 3578 3686 3798 3915 4021 4136 4353 4470 4580 4687 4799 4912 5024 5133 5242 5354 5469 5573 5802 5906 6022 6132 6244 6356 6462 6574 6794 6908 7020 7128 0
a 4240 5683 6682 7237 3355 3469 3581 3686 3800 3912 4026 4131 4357 4470 4580 4688 4797 4911 5022 5135 5240 5358 5464 5576 5802 5907 6020 6128 6240 6352 6465 6577 6799 6907 7016 7133 0
a 4240 5683 6682 7237 3355 3464 3576 3691 3804 3912 4022 4136 4359 4464 4579 4691 4800 4910 5024 5133 5242 5354 5469 5578 5798 5906 6022 6132 6245 6357 6463 6572 6794 6906 7017 7129 0
a 4240 5683 6682 7237 3359 3468 3576 3686 3800 3910 4026 4135 4357 4464 4581 4689 4798 4910 5018 5136 5242 5354 5467 5579 5801 5913 6020 6132 6244 6356 6465 6574 6794 6906 7017 7127 0
a 4240 5683 6682 7237 3354 3464 3582 3691 3799 3912 4022 4136 4355 4467 4581 4691 4801 4909 5024 5131 5245 5354 5469 5577 5795 5907 6021 6133 6245 6357 6461 6573 6795 6908 7018 7127 0
a 4240 5683 6682 7237 3354 3468 3582 3691 3797 3911 4021 4136 4357 4469 4581 4687 4800 4910 5018 5131 5243 5357 5469 5578 5801 5910 6020 6129 6240 6357 6461 6576 6799 6907 7017 7127 0
a 4240 5683 6682 7237 3356 3468 3582 3691 3799 3908 4020 4136 4358 4464 4579 4692 4800 4909 5018 5131 5246 5354 5469 5578 5796 5910 6022 6131 6246 6356 6461 6576 6797 6905 7018 7128 0
a 4240 5683 6682 7237 3354 3467 3579 3691 3804 3910 4019 4136 4359 4469 4576 4688 4800 4912 5023 5133 5240 5357 5469 5575 5801 5906 6020 6129 6240 6357 6463 6572 6799 6908 7017 7131 0
a 4240 5683 6682 7237 3357 3469 3576 3693 3800 3908 4021 4136 4355 4464 4580 4687 4803 4912 5024 5129 5242 5358 5465 5577 5802 5910 6022 6128 6244 6356 6465 6574 6794 6906 7017 7130 0
a 4240 5683 6682 7237 3357 3469 3582 3687 3800 3908 4021 4136 4353 4468 4580 4687 4803 4910 5024 5133 5242 5358 5465 5573 5795 5909 6021 6133 6246 6356 6461 6574 6799 6906 7017 7131 0
a 4240 5683 6682 7237 3359 3468 3576 3686 3804 3911 4021 4135 4357 4464 4576 4689 4803 4910 5018 5136 5243 5353 5467 5579 5801 5913 6020 6132 6244 6356 6465 6574 6794 6906 7017 7127 0
a 4240 5683 6682 7237 3360 3464 3579 3691 3798 3910 4022 4136 4355 4464 4579 4691 4800 4909 5024 5133 5242 5354 5469 5578 5802 5906 6022 6129 6245 6357 6463 6572 6794 6908 7017 7131 0
a 4240 5683 6682 7237 3355 3471 3576 3691 3800 3912 4019 4136 4357 4470 4575 4691 4800 4910 5024 5133 5242 5354 5467 5573 5795 5913 6020 6132 6245 6350 6463 6573 6801 6910 7017 7129 0
a 4240 5683 6682 7237 3357 3469 3576 3693 3800 3908 4021 4136 4357 4464 4580 4687 4803 4910 5024 5133 5242 5358 5465 5573 5802 5909 6017 6132 6239 6356 6466 6574 6795 6910 7020 7128 0
a 4240 5683 6682 7237 3356 3464 3582 3691 3799 3909 4023 4136 4356 4464 4581 4691 4801 4909 5024 5131 5245 5355 5469 5576 5795 5909 6018 6133 6245 6357 6461 6576 6797 6906 7018 7127 0
a 4240 5683 6682 7237 3358 3464 3576 3693 3800 3912 4021 4136 4359 4464 4580 4687 4800 4910 5024 5133 5242 5358 5465 5578 5795 5909 6022 6132 6244 6356 6461 6574 6801 6906 7017 7127 0
a 4240 5683 6682 7237 3357 3469 3576 3693 3797 3911 4021 4136 4355 4464 4580 4687 4803 4912 5024 5133 5242 5358 5465 5573 5802 5906 6022 6132 6244 6356 6461 6574 6795 6908 7020 7128 0
a 4240 5683 6682 7237 3354 3464 3579 3693 3802 3911 4021 4136 4359 4468 4580 4687 4800 4910 5024 5133 5242 5358 5465 5578 5798 5906 6022 6129 6240 6356 6461 6574 6801 6905 7017 7131 0
a 4240 5683 6682 7237 3355 3464 3576 3691 3804 3912 4022 4136 4357 4470 4575 4691 4800 4910 5024 5133 5242 5354 5469 5578 5798 5913 6017 6132 6245 6350 6463 6573 6799 6905 7017 7129 0
a 4240 5683 6682 7237 3355 3464 3576 3691 3800 3915 4023 4136 4356 4470 4575 4691 4801 4910 5024 5133 5245 5354 5469 5575 5802 5906 6020 6133 6245 6352 6461 6573 6796 6905 7017 7131 0
a 4240 5683 6682 7237 3357 3470 3575 3687 3799 3915 4022 4135 4353 4470 4577 4687 4801 4913 5023 5129 5247 5355 5464 5576 5801 5909 6024 6132 6244 6356 6465 6574 6794 6906 7017 7127 0
a 4240 5683 6682 7237 3357 3469 3576 3693 3797 3911 4021 4136 4359 4468 4580 4687 4797 4910 5024 5133 5242 5358 5465 5573 5798 5906 6022 6132 6240 6356 6461 6574 6801 6910 7020 7128 0
a 4240 5683 6682 7237 3354 3464 3578 3691 3804 3912 4021 4136 4359 4469 4576 4688 4800 4912 5022 5131 5245 5357 5469 5576 5801 5906 6022 6129 6240 6357 6461 6576 6797 6905 7017 7129 0
a 4240 5683 6682 7237 3357 3471 3578 3687 3802 3910 4019 4136 4353 4468 4581 4691 4798 4910 5024 5133 5242 5354 5467 5573 5795 5913 6021 6133 6245 6350 6468 6574 6797 6906 7017 7131 0
a 4240 5683 6682 7237 3357 3471 3580 3687 3797 3911 4021 4136 4353 4470 4580 4687 4801 4910 5024 5133 5242 5351 5465 5578 5798 5913 6021 6128 6244 6356 6461 6574 6801 6906 7017 7131 0
a 4240 5683 6682 7237 3358 3471 3575 3688 3798 3911 4023 4136 4353 4470 4580 4689 4798 4910 5024 5133 5242 5351 5465 5578 5798 5913 6022 6132 6244 6356 6461 6573 6801 6905 7017 7129 0
a 4240 5683 6682 7237 3357 3469 3582 3687 3800 3908 4021 4136 4355 4468 4580 4687 4803 4908 5024 5133 5242 5358 5465 5573 5795 5907 6022 6132 6246 6356 6461 6574 6795 6910 7020 7130 0
a 4240 5683 6682 7237 3355 3464 3576 3691 3800 3915 4023 4136 4356 4464 4579 4691 4803 4910 5024 5136 5242 5354 5467 5577 5802 5906 6020 6133 6245 6354 6461 6574 6795 6905 7018 7128 0
a 4240 5683 6682 7237 3355 3469 3582 3687 3800 3908 4023 4136 4353 4470 4580 4689 4801 4910 5024 5133 5242 5358 5465 5573 5800 5909 6017 6132 6239 6356 6463 6577 6801 6906 7017 7129 0
a 4240 5683 6682 7237 3355 3471 3581 3691 3800 3909 4023 4130 4356 4470 4579 4691 4799 4908 5021 5135 5240 5355 5467 5575 5802 5906 6018 6133 6240 6352 6461 6576 6796 6911 7023 7130 0
a 4240 5683 6682 7237 3357 3469 3575 3687 3800 3915 4021 4136 4357 4470 4580 4687 4799 4908 5024 5133 5242 5354 5469 5573 5802 5907 6021 6131 6239 6356 6466 6574 6795 6910 7016 7131 0
a 4240 5683 6682 7237 3355 3471 3581 3690 3802 3908 4022 4131 4356 4470 4577 4691 4797 4912 5023 5135 5240 5354 5466 5575 5802 5907 6017 6131 6240 6352 6466 6572 6796 6911 7023 7131 0
a 4240 5683 6682 7237 3360 3467 3576 3691 3799 3908 4023 4136 4356 4469 4577 4686 4801 4909 5023 5131 5240 5357 5469 5577 5801 5913 6020 6128 6246 6354 6461 6573 6795 6910 7018 7130 0
a 4240 5683 6682 7237 3355 3467 3581 3693 3802 3912 4019 4131 4353 4468 4581 4691 4799 4911 5022 5135 5240 5353 5469 5578 5798 5913 6022 6128 6240 6350 6465 6574 6796 6911 7017 7130 0
a 4240 5683 6682 7237 3358 3468 3575 3687 3800 3910 4026 4136 4353 4470 4580 4688 4798 4911 5024 5129 5242 5358 5465 5578 5802 5910 6022 6131 6244 6356 6465 6574 6794 6906 7017 7127 0
a 4240 5683 6682 7237 3356 3466 3575 3691 3804 3912 4020 4136 4353 4470 4579 4691 4800 4909 5022 5135 5240 5354 5469 5578 5801 5913 6022 6131 6241 6351 6461 6576 6797 6906 7018 7127 0
a 4240 5683 6682 7237 3355 3471 3581 3686 3800 3912 4020 4135 4356 4470 4579 4691 4799 4908 5023 5135 5240 5354 5466 5575 5802 5907 6017 6131 6240 6352 6466 6576 6796 6911 7023 7127 0
a 4240 5683 6682 7237 3354 3466 3579 3691 3804 3908 4022 4136 4358 4470 4579 4688 4800 4909 5021 5133 5240 5357 5469 5578 5796 5913 6022 6128 6245 6352 6461 6573 6796 6908 7017 7131 0
a 4240 5683 6682 7237 3355 3467 3581 3690 3802 3908 4026 4131 4357 4470 4577 4691 4797 4911 5022 5135 5240 5358 5467 5575 5802 5907 6020 6128 6240 6352 6461 6577 6796 6911 7020 7130 0
a 4240 5683 6682 7237 3356 3464 3579 3691 3798 3915 4021 4136 4353 4470 4579 4691 4800 4909 5024 5133 5242 5354 5469 5578 5802 5906 6022 6131 6245 6352 6461 6573 6797 6905 7017 7131 0
a 4240 5683 6682 7237 3356 3466 3582 3686 3803 3909 4023 4135 4356 4470 4575 4691 4801 4909 5024 5134 5240 5358 5465 5577 5800 5909 6017 6129 6241 6354 6462 6578 6801 6908 7018 7127 0
a 4240 5683 6682 7237 3357 3470 3575 3687 3799 3915 4022 4135 4353 4470 4577 4687 4801 4913 5023 5129 5247 5354 5464 5577 5801 5910 6024 6131 6244 6356 6465 6574 6794 6906 7017 7127 0
a 4240 5683 6682 7237 3356 3464 3579 3691 3804 3910 4020 4136 4359 4464 4579 4691 4800 4909 5024 5131 5243 5355 5469 5578 5795 5907 6022 6131 6245 6357 6461 6576 6796 6906 7019 7127 0
a 4240 5683 6682 7237 3360 3466 3580 3690 3800 3909 4019 4136 4356 4464 4576 4691 4799 4912 5024 5134 5240 5358 5466 5576 5802 5909 6018 6128 6245 6350 6468 6574 6799 6906 7018 7131 0
a 4240 5683 6682 7237 3358 3467 3575 3693 3798 3912 4021 4136 4353 4465 4580 4692 4800 4910 5024 5133 5242 5351 5469 5578 5802 5909 6022 6132 6244 6356 6461 6573 6797 6905 7017 7129 0
a 4240 5683 6682 7237 3355 3468 3580 3686 3803 3909 4026 4133 4356 4470 4577 4691 4801 4908 5024 5134 5240 5358 5465 5575 5802 5909 6018 6128 6240 6352 6465 6578 6796 6910 7016 7131 0
a 4240 5683 6682 7237 3358 3470 3576 3686 3804 3911 4021 4134 4356 4464 4577 4687 4803 4913 5018 5136 5242 5355 5465 5578 5801 5913 6022 6131 6244 6356 6465 6574 6794 6906 7017 7127 0
a 4240 5683 6682 7237 3356 3464 3576 3691 3799 3915 4023 4136 4359 4467 4580 4686 4801 4909 5024 5131 5243 5355 5469 5578 5800 5906 6020 6132 6246 6356 6461 6573 6795 6905 7018 7130 0
a 4240 5683 6682 7237 3355 3471 3581 3686 3800 3909 4023 4135 4356 4470 4579 4691 4797 4910 5023 5135 5240 5355 5465 5575 5802 5909 6017 6129 6240 6352 6466 6576 6796 6911 7023 7127 0
a 4240 5683 6682 7237 3354 3468 3582 3691 3799 3908 4022 4136 4355 4469 4579 4692 4800 4909 5018 5131 5243 5357 5469 5578 5801 5907 6022 6132 6246 6354 6461 6573 6795 6905 7018 7130 0
a 4240 5683 6682 7237 3356 3464 3579 3691 3804 3910 4020 4136 4353 4470 4579 4691 4800 4909 5024 5131 5243 5355 5469 5578 5795 5913 6022 6131 6245 6351 6461 6576 6796 6906 7019 7127 0
a 4240 5683 6682 7237 3354 3467 3579 3691 3804 3908 4021 4136 4359 4465 4580 4688 4800 4912 5023 5135 5242 5355 5469 5573 5795 5912 6020 6129 6240 6357 6461 6576 6799 6908 7017 7129 0
a 4240 5683 6682 7237 3355 3467 3575 3691 3803 3915 4023 4131 4357 4470 4577 4691 4797 4911 5022 5135 5242 5351 5469 5578 5802 5907 6020 6134 6240 6354 6461 6574 6799 6905 7018 7130 0
a 4240 5683 6682 7237 3360 3466 3579 3691 3798 3908 4022 4136 4353 4469 4579 4688 4800 4909 5021 5133 5240 5357 5469 5578 5801 5913 6022 6128 6246 6352 6461 6573 6796 6908 7017 7131 0
a 4240 5683 6682 7237 3358 3468 3576 3686 3799 3911 4026 4136 4358 4464 4577 4692 4798 4911 5018 5136 5246 5353 5465 5578 5802 5910 6022 6131 6244 6356 6465 6574 6794 6906 7017 7127 0
a 4240 5683 6682 7237 3360 3464 3576 3691 3799 3912 4022 4136 4358 4467 4577 4686 4801 4909 5023 5131 5246 5354 5469 5577 5795 5913 6021 6131 6246 6356 6461 6573 6795 6910 7018 7127 0
a 4240 5683 6682 7237 3360 3466 3575 3692 3802 3909 4022 4134 4356 4464 4577 4687 4801 4913 5025 5134 5240 5357 5466 5576 5801 5909 6018 6133 6246 6354 6461 6574 6796 6906 7023 7127 0
a 4240 5683 6682 7237 3356 3464 3582 3691 3799 3909 4023 4136 4353 4467 4580 4692 4801 4909 5024 5131 5243 5355 5469 5578 5800 5906 6020 6132 6246 6356 6461 6573 6795 6905 7018 7130 0
a 4240 5683 6682 7237 3356 3468 3575 3691 3798 3915 4021 4136 4359 4464 4579 4691 4800 4909 5021 5135 5242 5351 5469 5578 5801 5910 6022 6129 6246 6352 6461 6576 6797 6905 7017 7130 0
a 4240 5683 6682 7237 3360 3466 3575 3692 3802 3909 4022 4134 4356 4465 4577 4691 4801 4908 5024 5134 5240 5358 5466 5576 5802 5909 6018 6133 6240 6354 6468 6572 6796 6911 7016 7129 0
a 4240 5683 6682 7237 3359 3469 3575 3687 3804 3911 4021 4134 4353 4470 4576 4689 4799 4912 5022 5129 5243 5353 5469 5579 5801 5913 6022 6131 6244 6356 6465 6574 6794 6906 7017 7127 0
a 4240 5683 6682 7237 3357 3466 3582 3691 3798 3908 4022 4136 4357 4469 4581 4688 4797 4909 5018 5133 5243 5357 5469 5578 5801 5907 6021 6131 6241 6357 6461 6573 6799 6905 7018 7131 0
a 4240 5683 6682 7237 3355 3467 3581 3690 3802 3908 4026 4131 4353 4470 4577 4691 4801 4911 5023 5135 5240 5358 5466 5575 5802 5910 6020 6128 6240 6352 6461 6577 6796 6911 7017 7130 0
a 4240 5683 6682 7237 3360 3464 3576 3691 3800 3910 4023 4136 4356 4464 4576 4691 4801 4910 5024 5133 5245 5354 5469 5575 5802 5906 6020 6133 6245 6357 6463 6572 6794 6906 7017 7131 0
a 4240 5683 6682 7237 3355 3469 3581 3686 3800 3912 4026 4131 4355 4470 4579 4691 4797 4911 5022 5135 5240 5358 5465 5575 5802 5907 6022 6128 6240 6352 6465 6577 6796 6911 7016 7130 0
a 4240 5683 6682 7237 3355 3469 3576 3686 3803 3915 4023 4133 4357 4470 4577 4691 4797 4911 5022 5135 5242 5354 5469 5573 5802 5906 6020 6134 6240 6354 6466 6574 6794 6910 7018 7128 0
a 4240 5683 6682 7237 3354 3467 3582 3691 3799 3908 4023 4136 4356 4469 4579 4692 4799 4909 5018 5131 5246 5355 5469 5578 5798 5912 6022 6129 6246 6351 6461 6576 6795 6905 7018 7130 0
a 4240 5683 6682 7237 3355 3468 3576 3692 3802 3911 4026 4130 4356 4470 4577 4691 4797 4912 5024 5134 5240 5358 5465 5575 5802 5906 6022 6131 6240 6352 6461 6576 6796 6911 7020 7128 0
a 4240 5683 6682 7237 3355 3469 3581 3686 3804 3911 4023 4131 4353 4470 4579 4691 4799 4911 5022 5135 5240 5353 5469 5576 5798 5913 6017 6133 6240 6354 6466 6574 6796 6911 7017 7127 0
a 4240 5683 6682 7237 3354 3464 3582 3691 3800 3912 4021 4136 4358 4465 4581 4688 4800 4912 5023 5133 5242 5357 5469 5576 5796 5906 6020 6132 6245 6357 6461 6573 6799 6905 7017 7129 0
a 4240 5683 6682 7237 3357 3469 3575 3687 3800 3915 4021 4136 4359 4468 4580 4687 4799 4908 5024 5129 5242 5355 5469 5576 5796 5909 6022 6132 6246 6356 6465 6574 6794 6910 7017 7127 0
a 4240 5683 6682 7237 3354 3466 3579 3691 3804 3908 4022 4136 4359 4469 4577 4687 4800 4912 5018 5133 5245 5357 5469 5576 5801 5909 6022 6129 6240 6357 6461 6574 6796 6905 7017 7131 0
a 4240 5683 6682 7237 3360 3464 3576 3691 3799 3912 4022 4136 4355 4464 4579 4691 4800 4909 5024 5133 5243 5353 5469 5578 5802 5906 6022 6132 6245 6357 6463 6572 6794 6906 7017 7130 0
a 4240 5683 6682 7237 3357 3469 3582 3686 3798 3911 4021 4136 4355 4464 4580 4687 4803 4912 5024 5133 5242 5358 5465 5573 5800 5906 6018 6132 6246 6356 6466 6574 6794 6908 7020 7128 0
a 4240 5683 6682 7237 3359 3468 3576 3686 3799 3915 4022 4135 4357 4464 4581 4688 4798 4911 5018 5136 5243 5353 5467 5579 5801 5910 6024 6131 6244 6356 6465 6574 6794 6906 7017 7127 0
a 4240 5683 6682 7237 3355 3467 3581 3690 3804 3908 4024 4131 4359 4468 4577 4691 4797 4911 5022 5135 5245 5358 5462 5575 5795 5907 6020 6133 6240 6352 6468 6572 6796 6911 7020 7130 0
a 4240 5683 6682 7237 3354 3466 3579 3691 3804 3908 4022 4136 4359 4469 4579 4687 4800 4910 5018 5133 5246 5354 5469 5578 5798 5912 6022 6129 6240 6357 6463 6572 6794 6907 7017 7131 0
a 4240 5683 6682 7237 3360 3467 3579 3691 3799 3908 4020 4136 4357 4464 4580 4688 4800 4909 5024 5131 5240 5355 5469 5578 5796 5913 6020 6128 6246 6356 6461 6576 6799 6908 7018 7128 0
a 4240 5683 6682 7237 3356 3468 3580 3686 3803 3909 4026 4132 4356 4470 4576 4691 4801 4908 5024 5134 5240 5358 5464 5576 5802 5909 6018 6128 6240 6352 6465 6578 6797 6910 7016 7131 0
a 4240 5683 6682 7237 3355 3469 3581 3690 3797 3915 4022 4131 4353 4470 4577 4691 4801 4911 5025 5135 5242 5355 5462 5576 5800 5909 6021 6128 6240 6350 6463 6577 6801 6911 7017 7129 0
a 4240 5683 6682 7237 3355 3471 3580 3686 3803 3911 4020 4134 4356 4470 4579 4691 4799 4908 5021 5135 5240 5355 5467 5575 5802 5907 6017 6134 6240 6352 6465 6577 6796 6908 7023 7127 0
a 4240 5683 6682 7237 3357 3466 3582 3691 3800 3908 4020 4136 4357 4469 4581 4686 4799 4909 5018 5133 5246 5354 5469 5578 5796 5912 6021 6131 6241 6357 6461 6573 6799 6905 7018 7131 0
a 4240 5683 6682 7237 3360 3469 3578 3687 3797 3912 4021 4136 4353 4465 4579 4691 4800 4910 5024 5133 5242 5354 5469 5573 5802 5906 6022 6132 6245 6357 6461 6577 6797 6906 7017 7129 0
a 4240 5683 6682 7237 3355 3467 3581 3691 3804 3909 4023 4130 4357 4470 4577 4691 4797 4911 5022 5135 5242 5351 5469 5578 5795 5913 6020 6129 6240 6354 6461 6574 6799 6911 7018 7130 0
a 4240 5683 6682 7237 3355 3471 3578 3692 3802 3912 4020 4130 4356 4470 4577 4691 4801 4908 5024 5134 5240 5353 5465 5577 5802 5907 6017 6133 6240 6350 6465 6574 6796 6911 7023 7130 0
a 4240 5683 6682 7237 3354 3464 3579 3691 3804 3910 4022 4136 4358 4470 4579 4688 4800 4909 5021 5131 5246 5355 5469 5578 5795 5913 6022 6129 6240 6356 6461 6576 6796 6908 7017 7127 0
a 4240 5683 6682 7237 3357 3470 3575 3687 3799 3911 4026 4135 4353 4470 4577 4687 4801 4913 5023 5129 5247 5355 5464 5576 5801 5913 6020 6132 6244 6356 6465 6574 6794 6906 7017 7127 0
a 4240 5683 6682 7237 3357 3469 3575 3687 3799 3911 4026 4136 4353 4470 4580 4687 4799 4912 5024 5129 5243 5358 5464 5577 5802 5910 6022 6131 6244 6356 6465 6574 6794 6906 7017 7127 0
a 4240 5683 6682 7237 3357 3469 3578 3687 3804 3908 4021 4136 4353 4470 4580 4687 4801 4910 5024 5133 5242 5354 5469 5573 5795 5913 6021 6133 6244 6356 6461 6574 6797 6906 7017 7131 0
a 4240 5683 6682 7237 3354 3466 3582 3691 3800 3908 4023 4136 4356 4469 4581 4688 4801 4909 5023 5133 5240 5357 5469 5576 5801 5907 6020 6128 6241 6357 6461 6573 6795 6910 7018 7131 0
a 4240 5683 6682 7237 3359 3466 3575 3693 3802 3909 4022 4134 4356 4465 4577 4692 4797 4912 5025 5134 5240 5357 5466 5576 5796 5909 6022 6134 6245 6354 6461 6573 6801 6907 7018 7127 0
a 4240 5683 6682 7237 3355 3471 3578 3690 3803 3909 4024 4130 4356 4470 4579 4691 4799 4908 5024 5134 5240 5354 5466 5575 5802 5906 6018 6133 6240 6352 6461 6578 6796 6908 7023 7131 0
a 4240 5683 6682 7237 3356 3466 3579 3691 3804 3908 4020 4136 4359 4469 4579 4686 4800 4909 5018 5133 5246 5354 5469 5578 5796 5912 6022 6131 6241 6357 6461 6573 6797 6905 7018 7131 0
a 4240 5683 6682 7237 3359 3469 3576 3686 3804 3910 4022 4134 4356 4464 4576 4688 4803 4912 5018 5136 5243 5355 5464 5579 5801 5913 6022 6131 6244 6356 6465 6574 6794 6906 7017 7127 0
a 4240 5683 6682 7237 3354 3464 3582 3691 3799 3912 4022 4136 4357 4469 4577 4692 4800 4909 5021 5133 5246 5353 5469 5578 5796 5912 6017 6132 6246 6350 6463 6573 6799 6905 7017 7130 0
a 4240 5683 6682 7237 3355 3468 3581 3686 3804 3911 4024 4131 4353 4468 4577 4691 4803 4911 5025 5135 5245 5353 5462 5576 5795 5910 6020 6133 6240 6357 6465 6574 6796 6911 7017 7127 0
a 4240 5683 6682 7237 3355 3467 3575 3690 3804 3909 4024 4136 4356 4470 4579 4691 4797 4910 5024 5134 5240 5358 5464 5577 5796 5909 6024 6133 6245 6352 6461 6573 6797 6907 7020 7127 0
a 4240 5683 6682 7237 3358 3467 3581 3686 3799 3915 4020 4134 4356 4464 4577 4691 4803 4909 5018 5136 5246 5355 5464 5578 5802 5907 6022 6131 6244 6352 6465 6578 6794 6906 7019 7127 0
a 4240 5683 6682 7237 3356 3468 3576 3691 3804 3908 4021 4136 4359 4464 4579 4691 4800 4909 5021 5135 5240 5353 5469 5578 5801 5910 6022 6128 6241 6357 6461 6576 6797 6906 7017 7130 0
a 4240 5683 6682 7237 3354 3468 3582 3691 3799 3908 4022 4136 4357 4469 4577 4692 4800 4909 5021 5129 5246 5353 5469 5578 5796 5912 6017 6132 6246 6354 6463 6573 6799 6905 7017 7130 0
a 4240 5683 6682 7237 3355 3471 3576 3691 3797 3911 4023 4136 4357 4470 4577 4691 4797 4911 5022 5135 5242 5351 5467 5576 5801 5913 6020 6128 6240 6354 6461 6574 6801 6910 7018 7128 0
a 4240 5683 6682 7237 3355 3469 3581 3690 3804 3908 4022 4131 4353 4468 4577 4691 4803 4911 5025 5135 5242 5355 5462 5576 5795 5909 6021 6133 6240 6357 6463 6572 6799 6911 7017 7129 0
a 4240 5683 6682 7237 3360 3467 3576 3691 3799 3908 4023 4136 4358 4467 4577 4686 4801 4909 5023 5131 5240 5357 5469 5577 5802 5910 6020 6128 6245 6357 6461 6573 6795 6910 7018 7130 0
a 4240 5683 6682 7237 3356 3468 3576 3691 3797 3915 4021 4136 4359 4464 4579 4691 4800 4909 5021 5135 5242 5351 5469 5578 5801 5910 6022 6128 6246 6352 6461 6576 6797 6906 7017 7130 0
a 4240 5683 6682 7237 3355 3468 3581 3691 3800 3908 4026 4131 4353 4470 4580 4689 4801 4910 5023 5135 5240 5358 5465 5575 5802 5909 6017 6132 6240 6352 6465 6572 6796 6910 7017 7133 0
a 4240 5683 6682 7237 3356 3468 3580 3686 3799 3909 4026 4136 4356 4470 4580 4687 4801 4908 5024 5134 5240 5358 5464 5576 5802 5909 6018 6128 6240 6356 6465 6574 6797 6910 7016 7131 0
a 4240 5683 6682 7237 3356 3464 3576 3688 3802 3915 4023 4136 4358 4470 4575 4689 4801 4909 5022 5134 5242 5357 5469 5576 5802 5909 6017 6133 6245 6350 6462 6576 6797 6905 7018 7128 0
a 4240 5683 6682 7237 3356 3469 3579 3692 3798 3915 4019 4132 4353 4470 4579 4691 4798 4911 5025 5133 5242 5351 5465 5579 5801 5909 6022 6128 6239 6352 6462 6577 6801 6908 7020 7128 0
a 4240 5683 6682 7237 3355 3470 3576 3690 3802 3915 4022 4130 4355 4470 4580 4689 4797 4912 5023 5129 5247 5354 5466 5575 5795 5912 6024 6132 6240 6352 6466 6578 6796 6908 7016 7128 0
a 4240 5683 6682 7237 3358 3470 3575 3688 3798 3915 4022 4134 4353 4470 4580 4687 4800 4910 5025 5133 5240 5354 5464 5578 5798 5910 6022 6134 6244 6356 6462 6572 6801 6907 7016 7128 0
a 4240 5683 6682 7237 3356 3468 3576 3691 3799 3915 4019 4136 4359 4464 4579 4691 4800 4909 5021 5135 5240 5353 5469 5578 5801 5910 6022 6128 6246 6350 6463 6576 6797 6906 7017 7130 0
a 4240 5683 6682 7237 3357 3469 3576 3686 3800 3910 4026 4136 4358 4464 4576 4692 4799 4912 5018 5136 5246 5354 5464 5577 5802 5910 6022 6131 6244 6356 6465 6574 6794 6906 7017 7127 0
a 4240 5683 6682 7237 3356 3468 3576 3691 3804 3910 4019 4136 4359 4464 4579 4691 4800 4909 5021 5135 5242 5351 5469 5578 5801 5910 6022 6128 6239 6357 6463 6576 6797 6906 7017 7130 0
a 4240 5683 6682 7237 3355 3468 3578 3691 3797 3915 4020 4136 4353 4470 4579 4691 4800 4910 5025 5135 5243 5351 5464 5578 5801 5910 6022 6128 6240 6352 6461 6576 6801 6907 7019 7128 0
a 4240 5683 6682 7237 3360 3467 3576 3691 3799 3908 4023 4136 4358 4467 4577 4686 4801 4909 5023 5131 5246 5355 5469 5573 5795 5913 6020 6132 6246 6356 6461 6573 6795 6910 7018 7130 0
a 4240 5683 6682 7237 3358 3470 3576 3686 3799 3915 4022 4134 4359 4464 4580 4688 4800 4909 5022 5131 5243 5351 5469 5578 5800 5912 6017 6131 6246 6354 6466 6578 6795 6905 7018 7128 0
a 4240 5683 6682 7237 3355 3464 3582 3691 3798 3912 4022 4136 4355 4464 4581 4691 4801 4911 5024 5133 5243 5353 5469 5578 5800 5906 6021 6129 6245 6357 6463 6572 6794 6907 7017 7130 0
a 4240 5683 6682 7237 3355 3467 3580 3686 3798 3915 4023 4136 4353 4470 4580 4689 4801 4910 5024 5133 5242 5351 5469 5578 5802 5909 6017 6132 6244 6356 6463 6573 6797 6905 7017 7129 0
a 4240 5683 6682 7237 3358 3466 3576 3692 3800 3915 4023 4130 4356 4470 4580 4687 4799 4908 5025 5133 5240 5357 5467 5576 5800 5909 6017 6134 6240 6350 6463 6577 6801 6907 7017 7131 0
a 4240 5683 6682 7237 3358 3467 3581 3687 3799 3915 4023 4130 4356 4470 4575 4687 4799 4913 5025 5133 5240 5357 5467 5575 5800 5909 6017 6129 6245 6350 6463 6577 6801 6908 7017 7131 0
a 4240 5683 6682 7237 3360 3466 3580 3692 3800 3909 4023 4130 4353 4467 4580 4687 4799 4912 5022 5136 5240 5357 5467 5576 5802 5909 6017 6134 6244 6350 6463 6573 6795 6907 7023 7131 0
a 4240 5683 6682 7237 3360 3467 3581 3687 3802 3912 4021 4130 4356 4469 4575 4687 4799 4912 5025 5134 5240 5357 5466 5575 5798 5906 6022 6129 6241 6357 6461 6576 6801 6911 7017 7130 0
a 4240 5683 6682 7237 3356 3471 3576 3692 3799 3908 4024 4134 4359 4467 4580 4686 4798 4912 5023 5131 5243 5355 5462 5579 5795 5912 6021 6131 6244 6357 6462 6572 6801 6906 7019 7129 0
a 4240 5683 6682 7237 3355 3469 3581 3687 3804 3908 4023 4133 4356 4468 4577 4691 4803 4908 5018 5136 5246 5354 5464 5577 5796 5913 6020 6133 6241 6354 6461 6578 6799 6905 7017 7129 0
a 4240 5683 6682 7237 3355 3468 3580 3687 3800 3908 4026 4136 4353 4470 4580 4689 4801 4910 5024 5131 5240 5358 5465 5578 5802 5909 6017 6132 6244 6356 6465 6572 6795 6907 7018 7128 0
